2500,27163,1
2501,27164,1
2502,27165,1
2503,27166,1
2504,27167,1
2505,27168,1
2506,27169,1
2507,27170,1
2508,27171,1
2509,27172,1
2510,27173,1
2511,27174,1
2512,27175,1
2513,27176,1
2514,27177,1
2515,27178,1
2516,27179,1
2517,27180,1
2518,27181,1
2519,27182,1
2520,27183,1
2521,27184,1
2522,27185,1
2523,27186,1
2524,27187,1
2525,27188,1
2526,27189,1
2527,27190,1
2528,27191,1
2529,27192,1
2530,27193,1
2531,27194,1
2532,27195,1
2533,27196,1
2534,27197,1
2535,27198,1
2554,27199,1
2555,27200,1
2556,27201,1
2557,27202,1
2558,27203,1
2559,27204,1
2560,27205,1
2561,27206,1
2562,27207,1
2563,27208,1
2564,27209,1
2565,27210,1
2566,27211,1
2567,27212,1
2568,27213,1
2569,27214,1
2570,27215,1
2571,27216,1
2572,27217,1
2573,27218,1
2574,27219,1
2575,27220,1
2576,27221,1
2577,27222,1
2578,27223,1
2579,27224,1
2580,27225,1
2581,27226,1
2582,27227,1
2583,27228,1
2584,27229,1
2585,27230,1
2586,27231,1
2587,27232,1
2588,27233,1
2589,27234,1
2590,27235,1
2591,27236,1
2592,27237,1
2593,27238,1
2594,27239,1
2595,27240,1
2596,27241,1
2597,27242,1
2598,27243,1
2599,27244,1
2600,27245,1
2601,27246,1
2602,27247,1
2603,27248,1
2604,27249,1
2605,27250,1
2606,27251,1
2607,27252,1
2608,27253,1
2609,27254,1
2610,27255,1
2611,27256,1
2612,27257,1
2613,27258,1
2614,27259,1
2615,27260,1
2616,27261,1
2617,27262,1
2618,27263,1
2619,27264,1
2620,27265,1
2621,27266,1
2622,27267,1
2623,27268,1
2624,27269,1
2625,27270,1
2688,27271,1
2689,27272,1
2690,27273,1
2691,27274,1
2692,27275,1
2693,27276,1
2694,27277,1
2695,27278,1
2696,27279,1
2697,27280,1
2698,27281,1
2699,27282,1
2700,27283,1
2701,27284,1
2702,27285,1
2703,27286,1
2704,27287,1
2705,27288,1
2706,27289,1
2707,27290,1
2708,27291,1
2709,27292,1
2710,27293,1
2711,27294,1
2712,27295,1
2713,27296,1
2714,27297,1
2715,27298,1
2716,27299,1
2717,27300,1
2718,27301,1
2719,27302,1
2720,27303,1
2721,27304,1
2722,27305,1
2723,27306,1
2724,27307,1
2725,27308,1
2726,27309,1
2727,27310,1
2728,27311,1
2729,27312,1
2730,27313,1
2731,27314,1
2732,27315,1
2733,27316,1
2734,27317,1
2735,27318,1
2736,27319,1
2737,27320,1
2738,27321,1
2739,27322,1
2740,27323,1
2741,27324,1
2742,27325,1
2743,27326,1
2744,27327,1
2745,27328,1
2746,27329,1
2747,27330,1
2748,27331,1
2749,27332,1
2750,27333,1
2751,27334,1
2752,27335,1
2753,27336,1
2754,27337,1
2755,27338,1
2756,27339,1
2757,27340,1
2758,27341,1
2759,27342,1
2760,27343,1
2761,27344,1
2762,27345,1
2763,27346,1
2764,27347,1
2765,27348,1
2766,27349,1
2767,27350,1
2768,27351,1
2769,27352,1
2770,27353,1
2771,27354,1
2772,27355,1
2773,27356,1
2774,27357,1
2775,27358,1
2776,27359,1
2777,27360,1
2778,27361,1
2779,27362,1
2780,27363,1
2781,27364,1
2782,27365,1
2783,27366,1
2784,27367,1
2785,27368,1
2786,27369,1
2787,27370,1
2788,27371,1
2789,27372,1
2790,27373,1
2791,27374,1
2792,27375,1
2793,27376,1
2794,27377,1
2795,27378,1
2796,27379,1
2797,27380,1
2798,27381,1
2799,27382,1
2800,27383,1
2801,27384,1
2802,27385,1
2803,27386,1
2804,27387,1
2805,27388,1
2806,27389,1
2807,27390,1
2808,27391,1
2809,27392,1
2810,27393,1
2811,27394,1
2812,27395,1
2813,27396,1
2814,27397,1
2815,27398,1
2816,27399,1
2817,27400,1
2818,27401,1
2819,27402,1
2820,27403,1
2821,27404,1
2822,27405,1
2823,27406,1
2824,27407,1
2825,27408,1
2826,27409,1
2827,27410,1
2828,27411,1
2829,27412,1
2830,27413,1
2831,27414,1
2832,27415,1
2833,27416,1
2834,27417,1
2835,27418,1
2836,27419,1
2837,27420,1
2838,27421,1
2839,27422,1
2840,27423,1
2841,27424,1
2842,27425,1
2843,27426,1
2844,27427,1
2845,27428,1
2846,27429,1
2847,27430,1
2848,27431,1
2849,27432,1
2850,27433,1
2851,27434,1
2852,27435,1
2853,27436,1
2854,27437,1
2855,27438,1
2856,27439,1
2857,27440,1
2858,27441,1
2859,27442,1
2860,27443,1
2861,27444,1
2862,27445,1
2863,27446,1
2864,27447,1
2865,27448,1
2866,27449,1
2867,27450,1
2868,27451,1
2869,27452,1
2870,27453,1
2871,27454,1
2872,27455,1
2873,27456,1
2874,27457,1
2875,27458,1
2876,27459,1
2877,27460,1
2878,27461,1
2879,27462,1
2880,27463,1
2881,27464,1
2882,27465,1
2883,27466,1
2884,27467,1
2885,27468,1
2886,27469,1
2887,27470,1
2888,27471,1
2889,27472,1
2890,27473,1
2891,27474,1
2892,27475,1
2893,27476,1
2894,27477,1
2895,27478,1
2896,27479,1
2897,27480,1
2898,27481,1
2899,27482,1
2900,27483,1
2901,27484,1
2902,27485,1
2903,27486,1
2904,27487,1
2905,27488,1
2906,27489,1
2907,27490,1
2908,27491,1
2909,27492,1
2910,27493,1
2911,27494,1
2912,27495,1
2913,27496,1
2914,27497,1
2915,27498,1
2916,27499,1
2917,27500,1
2918,27501,1
2919,27502,1
2920,27503,1
2921,27504,1
2922,27505,1
2923,27506,1
2924,27507,1
2925,27508,1
2926,27509,1
2927,27510,1
2928,27511,1
2929,27512,1
2930,27513,1
2931,27514,1
2932,27515,1
2933,27516,1
2934,27517,1
2935,27518,1
2936,27519,1
2937,27520,1
2938,27521,1
2939,27522,1
2940,27523,1
2941,27524,1
2942,27525,1
2943,27526,1
2944,27527,1
2945,27528,1
2946,27529,1
2947,27530,1
2948,27531,1
2949,27532,1
2950,27533,1
2951,27534,1
2952,27535,1
2953,27536,1
2954,27537,1
2955,27538,1
2956,27539,1
2957,27540,1
2958,27541,1
2959,27542,1
2960,27543,1
2961,27544,1
2962,27545,1
2963,27546,1
2964,27547,1
2965,27548,1
2966,27549,1
2967,27550,1
2968,27551,1
2969,27552,1
2970,27553,1
2971,27554,1
2972,27555,1
2973,27556,1
2974,27557,1
2975,27558,1
2976,27559,1
2977,27560,1
2978,27561,1
2979,27562,1
2980,27563,1
2981,27564,1
2982,27565,1
2983,27566,1
2984,27567,1
2985,27568,1
2986,27569,1
2987,27570,1
2988,27571,1
2989,27572,1
2990,27573,1
2991,27574,1
2992,27575,1
2993,27576,1
2994,27577,1
2995,27578,1
2996,27579,1
2997,27580,1
2998,27581,1
2999,27582,1
3000,27583,1
3001,27584,1
3002,27585,1
3003,27586,1
3004,27587,1
3005,27588,1
3006,27589,1
3007,27590,1
3008,27591,1
3009,27592,1
3010,27593,1
3011,27594,1
3012,27595,1
3013,27596,1
3014,27597,1
3015,27598,1
3016,27599,1
3017,27600,1
3018,27601,1
3019,27602,1
3020,27603,1
3021,27604,1
3022,27605,1
3023,27606,1
3024,27607,1
3025,27608,1
3026,27609,1
3027,27610,1
3028,27611,1
3029,27612,1
3030,27613,1
3031,27614,1
3032,27615,1
3033,27616,1
3034,27617,1
3035,27618,1
3036,27619,1
3037,27620,1
3038,27621,1
3039,27622,1
3040,27623,1
3041,27624,1
3042,27625,1
3043,27626,1
3044,27627,1
3045,27628,1
3046,27629,1
3047,27630,1
3048,27631,1
3049,27632,1
3050,27633,1
3051,27634,1
3052,27635,1
3053,27636,1
3054,27637,1
3055,27638,1
3056,27639,1
3057,27640,1
3058,27641,1
3059,27642,1
3060,27643,1
3061,27644,1
3062,27645,1
3063,27646,1
3064,27647,1
3065,27648,1
3066,27649,1
3067,27650,1
3068,27651,1
3069,27652,1
3070,27653,1
3071,27654,1
3072,27655,1
3073,27656,1
3074,27657,1
3075,27658,1
3076,27659,1
3077,27660,1
3078,27661,1
3079,27662,1
3080,27663,1
3081,27664,1
3082,27665,1
3083,27666,1
3084,27667,1
3085,27668,1
3086,27669,1
3087,27670,1
3088,27671,1
3089,27672,1
3090,27673,1
3091,27674,1
3092,27675,1
3093,27676,1
3094,27677,1
3095,27678,1
3096,27679,1
3097,27680,1
3098,27681,1
3099,27682,1
3100,27683,1
3101,27684,1
3102,27685,1
3103,27686,1
3104,27687,1
3105,27688,1
3106,27689,1
3107,27690,1
3108,27691,1
3109,27692,1
3110,27693,1
3111,27694,1
3112,27695,1
3113,27696,1
3114,27697,1
3115,27698,1
3116,27699,1
3117,27700,1
3118,27701,1
3119,27702,1
3120,27703,1
3121,27704,1
3122,27705,1
3123,27706,1
3124,27707,1
3125,27708,1
3126,27709,1
3127,27710,1
3128,27711,1
3129,27712,1
3130,27713,1
3131,27714,1
3132,27715,1
3133,27716,1
3134,27717,1
3135,27718,1
3136,27719,1
3137,27720,1
3138,27721,1
3139,27722,1
3140,27723,1
3141,27724,1
3142,27725,1
3143,27726,1
3144,27727,1
3145,27728,1
3146,27729,1
3147,27730,1
3148,27731,1
3149,27732,1
3150,27733,1
3151,27734,1
3152,27735,1
3153,27736,1
3154,27737,1
3155,27738,1
3156,27739,1
3157,27740,1
3158,27741,1
3159,27742,1
3160,27743,1
3161,27744,1
3162,27745,1
3163,27746,1
3164,27747,1
3165,27748,1
3166,27749,1
3167,27750,1
3168,27751,1
3169,27752,1
3170,27753,1
3171,27754,1
3172,27755,1
3173,27756,1
3174,27757,1
3175,27758,1
3176,27759,1
3177,27760,1
3178,27761,1
3179,27762,1
3180,27763,1
3181,27764,1
3182,27765,1
3183,27766,1
3184,27767,1
3185,27768,1
3186,27769,1
3187,27770,1
3188,27771,1
3189,27772,1
3190,27773,1
3191,27774,1
3192,27775,1
3193,27776,1
3194,27777,1
3195,27778,1
3196,27779,1
3197,27780,1
3198,27781,1
3199,27782,1
3200,27783,1
3201,27784,1
3202,27785,1
3203,27786,1
3204,27787,1
3205,27788,1
3206,27789,1
3207,27790,1
3208,27791,1
3209,27792,1
3210,27793,1
3211,27794,1
3212,27795,1
3213,27796,1
3214,27797,1
3215,27798,1
3216,27799,1
3217,27800,1
3218,27801,1
3219,27802,1
3220,27803,1
3221,27804,1
3222,27805,1
3223,27806,1
3224,27807,1
3225,27808,1
3226,27809,1
3227,27810,1
3228,27811,1
3229,27812,1
3230,27813,1
3231,27814,1
3232,27815,1
3233,27816,1
3234,27817,1
3235,27818,1
3236,27819,1
3237,27820,1
3238,27821,1
3239,27822,1
3240,27823,1
3241,27824,1
3242,27825,1
3243,27826,1
3244,27827,1
3245,27828,1
3246,27829,1
3247,27830,1
3248,27831,1
3249,27832,1
3250,27833,1
3251,27834,1
3252,27835,1
3253,27836,1
3254,27837,1
3255,27838,1
3256,27839,1
3257,27840,1
3258,27841,1
3259,27842,1
3260,27843,1
3261,27844,1
3262,27845,1
3263,27846,1
3264,27847,1
3265,27848,1
3266,27849,1
3267,27850,1
3268,27851,1
3269,27852,1
3270,27853,1
3271,27854,1
3272,27855,1
3273,27856,1
3274,27857,1
3275,27858,1
3276,27859,1
3703,27860,1
3704,27861,1
3705,27862,1
3706,27863,1
3707,27864,1
3708,27865,1
3709,27866,1
3710,27867,1
3711,27868,1
3712,27869,1
3713,27870,1
3714,27871,1
3715,27872,1
3716,27873,1
3717,27874,1
3718,27875,1
3719,27876,1
3720,27877,1
3721,27878,1
3722,27879,1
3723,27880,1
3724,27881,1
3725,27882,1
3726,27883,1
3727,27884,1
3728,27885,1
3729,27886,1
3730,27887,1
3731,27888,1
3732,27889,1
3733,27890,1
3734,27891,1
3735,27892,1
3736,27893,1
3737,27894,1
3738,27895,1
3739,27896,1
3740,27897,1
3741,27898,1
3742,27899,1
3743,27900,1
3744,27901,1
3745,27902,1
3746,27903,1
3747,27904,1
3748,27905,1
3749,27906,1
3750,27907,1
3751,27908,1
3752,27909,1
3753,27910,1
3754,27911,1
3755,27912,1
3756,27913,1
3757,27914,1
3758,27915,1
3759,27916,1
3760,27917,1
3761,27918,1
3762,27919,1
3763,27920,1
3764,27921,1
3765,27922,1
3766,27923,1
3767,27924,1
3768,27925,1
3769,27926,1
3770,27927,1
3771,27928,1
3772,27929,1
3773,27930,1
3774,27931,1
3775,27932,1
3776,27933,1
3777,27934,1
3778,27935,1
3779,27936,1
3780,27937,1
3781,27938,1
3782,27939,1
3783,27940,1
3784,27941,1
3785,27942,1
3786,27943,1
3787,27944,1
3788,27945,1
3789,27946,1
3790,27947,1
3791,27948,1
3792,27949,1
3793,27950,1
3794,27951,1
3795,27952,1
3796,27953,1
3797,27954,1
3798,27955,1
3799,27956,1
3800,27957,1
3801,27958,1
3802,27959,1
3803,27960,1
3804,27961,1
3805,27962,1
3806,27963,1
3807,27964,1
3808,27965,1
3809,27966,1
3810,27967,1
3811,27968,1
3812,27969,1
3813,27970,1
3814,27971,1
3815,27972,1
3816,27973,1
3817,27974,1
3818,27975,1
3819,27976,1
3820,27977,1
3821,27978,1
3822,27979,1
3823,27980,1
3824,27981,1
3825,27982,1
3826,27983,1
3827,27984,1
3828,27985,1
3829,27986,1
3830,27987,1
3831,27988,1
3832,27989,1
3833,27990,1
3834,27991,1
3835,27992,1
3836,27993,1
3837,27994,1
3838,27995,1
3839,27996,1
3840,27997,1
3841,27998,1
3842,27999,1
3843,28000,1
3844,28001,1
3845,28002,1
3846,28003,1
3847,28004,1
3848,28005,1
3849,28006,1
3850,28007,1
3851,28008,1
3852,28009,1
3853,28010,1
3854,28011,1
3855,28012,1
3856,28013,1
3857,28014,1
3858,28015,1
3859,28016,1
3860,28017,1
3861,28018,1
3862,28019,1
3863,28020,1
3864,28021,1
3865,28022,1
3866,28023,1
3867,28024,1
3868,28025,1
3869,28026,1
3870,28027,1
3871,28028,1
3872,28029,1
3873,28030,1
3874,28031,1
3875,28032,1
3876,28033,1
3877,28034,1
3878,28035,1
3879,28036,1
3880,28037,1
3881,28038,1
3882,28039,1
3883,28040,1
3884,28041,1
3885,28042,1
3886,28043,1
3887,28044,1
3888,28045,1
3889,28046,1
3890,28047,1
3891,28048,1
3892,28049,1
3893,28050,1
3894,28051,1
3895,28052,1
3896,28053,1
3897,28054,1
3898,28055,1
3899,28056,1
3900,28057,1
3901,28058,1
3902,28059,1
3903,28060,1
3904,28061,1
3905,28062,1
3906,28063,1
3907,28064,1
3908,28065,1
3909,28066,1
3910,28067,1
3911,28068,1
3912,28069,1
3913,28070,1
3914,28071,1
3915,28072,1
3916,28073,1
3917,28074,1
3918,28075,1
3919,28076,1
3920,28077,1
3921,28078,1
3922,28079,1
3923,28080,1
3924,28081,1
3925,28082,1
3926,28083,1
3927,28084,1
3928,28085,1
3929,28086,1
3930,28087,1
3931,28088,1
3932,28089,1
3933,28090,1
3934,28091,1
3935,28092,1
3936,28093,1
3937,28094,1
3938,28095,1
3939,28096,1
3940,28097,1
3941,28098,1
3942,28099,1
3943,28100,1
3944,28101,1
3945,28102,1
3946,28103,1
3947,28104,1
3948,28105,1
3949,28106,1
3950,28107,1
3951,28108,1
3952,28109,1
3953,28110,1
3954,28111,1
3955,28112,1
3956,28113,1
3957,28114,1
3958,28115,1
3959,28116,1
3960,28117,1
3961,28118,1
3962,28119,1
3963,28120,1
3964,28121,1
3965,28122,1
3966,28123,1
3967,28124,1
3968,28125,1
3969,28126,1
3970,28127,1
3971,28128,1
3972,28129,1
3973,28130,1
3974,28131,1
3975,28132,1
3976,28133,1
3977,28134,1
3978,28135,1
3979,28136,1
3980,28137,1
3981,28138,1
3982,28139,1
3983,28140,1
3984,28141,1
3985,28142,1
3986,28143,1
3987,28144,1
3988,28145,1
3989,28146,1
3990,28147,1
3991,28148,1
3992,28149,1
3993,28150,1
3994,28151,1
3995,28152,1
3996,28153,1
3997,28154,1
3998,28155,1
3999,28156,1
4000,28157,1
4001,28158,1
4002,28159,1
4003,28160,1
4004,28161,1
4005,28162,1
4006,28163,1
4007,28164,1
4008,28165,1
4009,28166,1
4010,28167,1
4011,28168,1
4012,28169,1
4013,28170,1
4014,28171,1
4015,28172,1
4016,28173,1
4017,28174,1
4018,28175,1
4019,28176,1
4020,28177,1
4021,28178,1
4022,28179,1
4023,28180,1
4024,28181,1
4025,28182,1
4026,28183,1
4027,28184,1
4028,28185,1
4029,28186,1
4030,28187,1
4031,28188,1
4032,28189,1
4033,28190,1
4034,28191,1
4035,28192,1
4036,28193,1
4037,28194,1
4038,28195,1
4039,28196,1
4040,28197,1
4041,28198,1
4042,28199,1
4043,28200,1
4044,28201,1
4045,28202,1
4046,28203,1
4047,28204,1
4048,28205,1
4049,28206,1
4050,28207,1
4051,28208,1
4052,28209,1
4053,28210,1
4054,28211,1
4055,28212,1
4056,28213,1
4057,28214,1
4058,28215,1
4059,28216,1
4060,28217,1
4061,28218,1
4062,28219,1
4063,28220,1
4064,28221,1
4065,28222,1
4066,28223,1
4067,28224,1
4068,28225,1
4069,28226,1
4070,28227,1
4071,28228,1
4072,28229,1
4073,28230,1
4074,28231,1
4075,28232,1
4076,28233,1
4077,28234,1
4078,28235,1
4079,28236,1
4080,28237,1
4081,28238,1
4082,28239,1
4083,28240,1
4084,28241,1
4085,28242,1
4086,28243,1
4087,28244,1
4088,28245,1
4089,28246,1
4090,28247,1
4091,28248,1
4092,28249,1
4093,28250,1
4094,28251,1
4095,28252,1
4096,28253,1
4097,28254,1
4098,28255,1
4099,28256,1
4100,28257,1
4101,28258,1
4102,28259,1
4103,28260,1
4104,28261,1
4105,28262,1
4106,28263,1
4107,28264,1
4108,28265,1
4109,28266,1
4110,28267,1
4111,28268,1
4112,28269,1
4113,28270,1
4114,28271,1
4115,28272,1
4116,28273,1
4117,28274,1
4118,28275,1
4119,28276,1
4120,28277,1
4121,28278,1
4122,28279,1
4123,28280,1
4124,28281,1
4125,28282,1
4126,28283,1
4127,28284,1
4128,28285,1
4129,28286,1
4130,28287,1
4131,28288,1
4132,28289,1
4133,28290,1
4134,28291,1
4135,28292,1
4136,28293,1
4137,28294,1
4138,28295,1
4139,28296,1
4140,28297,1
4141,28298,1
4142,28299,1
4143,28300,1
4144,28301,1
4145,28302,1
4146,28303,1
4147,28304,1
4148,28305,1
4149,28306,1
4150,28307,1
4151,28308,1
4152,28309,1
4153,28310,1
4154,28311,1
4155,28312,1
4156,28313,1
4157,28314,1
4158,28315,1
4159,28316,1
4160,28317,1
4161,28318,1
4162,28319,1
4163,28320,1
4164,28321,1
4165,28322,1
4166,28323,1
4167,28324,1
4168,28325,1
4169,28326,1
4170,28327,1
4171,28328,1
4172,28329,1
4173,28330,1
4174,28331,1
4175,28332,1
4176,28333,1
4177,28334,1
4178,28335,1
4179,28336,1
4180,28337,1
4181,28338,1
4182,28339,1
4183,28340,1
4184,28341,1
4185,28342,1
4186,28343,1
4187,28344,1
4188,28345,1
4189,28346,1
4190,28347,1
4191,28348,1
4192,28349,1
4193,28350,1
4194,28351,1
4195,28352,1
4196,28353,1
4197,28354,1
4198,28355,1
4199,28356,1
4200,28357,1
4201,28358,1
4202,28359,1
4203,28360,1
4204,28361,1
4205,28362,1
4206,28363,1
4207,28364,1
4208,28365,1
4209,28366,1
4210,28367,1
4211,28368,1
4212,28369,1
4213,28370,1
4214,28371,1
4215,28372,1
4216,28373,1
4217,28374,1
4218,28375,1
4219,28376,1
4220,28377,1
4221,28378,1
4222,28379,1
4223,28380,1
4378,28381,1
4379,28382,1
4380,28383,1
4381,28384,1
4382,28385,1
4383,28386,1
4384,28387,1
4385,28388,1
4386,28389,1
4387,28390,1
4388,28391,1
4389,28392,1
4390,28393,1
4391,28394,1
4392,28395,1
4393,28396,1
4394,28397,1
4395,28398,1
4396,28399,1
4397,28400,1
4398,28401,1
4399,28402,1
4400,28403,1
4401,28404,1
4402,28405,1
4403,28406,1
4404,28407,1
4405,28408,1
4406,28409,1
4407,28410,1
4408,28411,1
4409,28412,1
4410,28413,1
4411,28414,1
4412,28415,1
4413,28416,1
4414,28417,1
4415,28418,1
4416,28419,1
4417,28420,1
4418,28421,1
4419,28422,1
4420,28423,1
4421,28424,1
4422,28425,1
4423,28426,1
4424,28427,1
4425,28428,1
4426,28429,1
4427,28430,1
4428,28431,1
4429,28432,1
4430,28433,1
4431,28434,1
4432,28435,1
4433,28436,1
4434,28437,1
4435,28438,1
4436,28439,1
4437,28440,1
4438,28441,1
4439,28442,1
4440,28443,1
4441,28444,1
4442,28445,1
4443,28446,1
4444,28447,1
4445,28448,1
4446,28449,1
4447,28450,1
4448,28451,1
4449,28452,1
4450,28453,1
4451,28454,1
4452,28455,1
4453,28456,1
4454,28457,1
4455,28458,1
4456,28459,1
4457,28460,1
4458,28461,1
4459,28462,1
4460,28463,1
4461,28464,1
4462,28465,1
4463,28466,1
4464,28467,1
4465,28468,1
4466,28469,1
4467,28470,1
4468,28471,1
4469,28472,1
4470,28473,1
4471,28474,1
4472,28475,1
4473,28476,1
4474,28477,1
4475,28478,1
4476,28479,1
4477,28480,1
4478,28481,1
4479,28482,1
4480,28483,1
4481,28484,1
4482,28485,1
4483,28486,1
4484,28487,1
4485,28488,1
4486,28489,1
4487,28490,1
4488,28491,1
4489,28492,1
4490,28493,1
4491,28494,1
4492,28495,1
4493,28496,1
4494,28497,1
4495,28498,1
4496,28499,1
4497,28500,1
4498,28501,1
4499,28502,1
4500,28503,1
4501,28504,1
4502,28505,1
4503,28506,1
4504,28507,1
4505,28508,1
4506,28509,1
4507,28510,1
4508,28511,1
4509,28512,1
4510,28513,1
4511,28514,1
4512,28515,1
4513,28516,1
4514,28517,1
4515,28518,1
4516,28519,1
4517,28520,1
4518,28521,1
4519,28522,1
4520,28523,1
4521,28524,1
4522,28525,1
4523,28526,1
4524,28527,1
4525,28528,1
4526,28529,1
4527,28530,1
4528,28531,1
4529,28532,1
4530,28533,1
4531,28534,1
4532,28535,1
4533,28536,1
4534,28537,1
4535,28538,1
4536,28539,1
4537,28540,1
4538,28541,1
4539,28542,1
4540,28543,1
4541,28544,1
4542,28545,1
4543,28546,1
4544,28547,1
4545,28548,1
4546,28549,1
4547,28550,1
4548,28551,1
4549,28552,1
4550,28553,1
4551,28554,1
4552,28555,1
4553,28556,1
4554,28557,1
4555,28558,1
4556,28559,1
4557,28560,1
4558,28561,1
4559,28562,1
4560,28563,1
4561,28564,1
4562,28565,1
4563,28566,1
4564,28567,1
4565,28568,1
4566,28569,1
4567,28570,1
4568,28571,1
4569,28572,1
4570,28573,1
4571,28574,1
4572,28575,1
4573,28576,1
4574,28577,1
4575,28578,1
4576,28579,1
4577,28580,1
4578,28581,1
4579,28582,1
4580,28583,1
4581,28584,1
4582,28585,1
4583,28586,1
4584,28587,1
4585,28588,1
4586,28589,1
4587,28590,1
4588,28591,1
4589,28592,1
4590,28593,1
4591,28594,1
4592,28595,1
4593,28596,1
4594,28597,1
4595,28598,1
4596,28599,1
4597,28600,1
4598,28601,1
4599,28602,1
4600,28603,1
4601,28604,1
4602,28605,1
4603,28606,1
4604,28607,1
4605,28608,1
4606,28609,1
4607,28610,1
4608,28611,1
4609,28612,1
4610,28613,1
4611,28614,1
4612,28615,1
4613,28616,1
4614,28617,1
4615,28618,1
4616,28619,1
4617,28620,1
4618,28621,1
4619,28622,1
4620,28623,1
4621,28624,1
4622,28625,1
4623,28626,1
4624,28627,1
4625,28628,1
4626,28629,1
4627,28630,1
4628,28631,1
4629,28632,1
4630,28633,1
4631,28634,1
4632,28635,1
4633,28636,1
4634,28637,1
4635,28638,1
4636,28639,1
4637,28640,1
4638,28641,1
4639,28642,1
4640,28643,1
4641,28644,1
4642,28645,1
4643,28646,1
4644,28647,1
4645,28648,1
4646,28649,1
4647,28650,1
4648,28651,1
4649,28652,1
4650,28653,1
4651,28654,1
4652,28655,1
4653,28656,1
4654,28657,1
4655,28658,1
4656,28659,1
4657,28660,1
4658,28661,1
4659,28662,1
4660,28663,1
4661,28664,1
4662,28665,1
4663,28666,1
4664,28667,1
4665,28668,1
4666,28669,1
4667,28670,1
4668,28671,1
4669,28672,1
4670,28673,1
4671,28674,1
4672,28675,1
4673,28676,1
4674,28677,1
4675,28678,1
4676,28679,1
4677,28680,1
4678,28681,1
4679,28682,1
4680,28683,1
4681,28684,1
4682,28685,1
4683,28686,1
4684,28687,1
4685,28688,1
4686,28689,1
4687,28690,1
4688,28691,1
4689,28692,1
4690,28693,1
4691,28694,1
4692,28695,1
4693,28696,1
4694,28697,1
4695,28698,1
4696,28699,1
4697,28700,1
4698,28701,1
4699,28702,1
4700,28703,1
4701,28704,1
4702,28705,1
4703,28706,1
4704,28707,1
4705,28708,1
4706,28709,1
4707,28710,1
4708,28711,1
4709,28712,1
4710,28713,1
4711,28714,1
4712,28715,1
4713,28716,1
4714,28717,1
4715,28718,1
4716,28719,1
4717,28720,1
4718,28721,1
4719,28722,1
4720,28723,1
4721,28724,1
4722,28725,1
4723,28726,1
4724,28727,1
4725,28728,1
4726,28729,1
4727,28730,1
4728,28731,1
4729,28732,1
4730,28733,1
4731,28734,1
4732,28735,1
4733,28736,1
4734,28737,1
4735,28738,1
4736,28739,1
4737,28740,1
4738,28741,1
4739,28742,1
4740,28743,1
4741,28744,1
4742,28745,1
4743,28746,1
4744,28747,1
4745,28748,1
4746,28749,1
4747,28750,1
4748,28751,1
4749,28752,1
4750,28753,1
4751,28754,1
4752,28755,1
4753,28756,1
4754,28757,1
4755,28758,1
4756,28759,1
4757,28760,1
4758,28761,1
4759,28762,1
4760,28763,1
4761,28764,1
4762,28765,1
4763,28766,1
4764,28767,1
4765,28768,1
4766,28769,1
4767,28770,1
4768,28771,1
4769,28772,1
4770,28773,1
4771,28774,1
4772,28775,1
4773,28776,1
4774,28777,1
4775,28778,1
4776,28779,1
4777,28780,1
4778,28781,1
4779,28782,1
4780,28783,1
4781,28784,1
4782,28785,1
4783,28786,1
4784,28787,1
4785,28788,1
4786,28789,1
4787,28790,1
4788,28791,1
4789,28792,1
4790,28793,1
4791,28794,1
4792,28795,1
4793,28796,1
4794,28797,1
4795,28798,1
4796,28799,1
4797,28800,1
4798,28801,1
4799,28802,1
4800,28803,1
4801,28804,1
4802,28805,1
4803,28806,1
4804,28807,1
4805,28808,1
4806,28809,1
4807,28810,1
4808,28811,1
4809,28812,1
4810,28813,1
4811,28814,1
4812,28815,1
4813,28816,1
4814,28817,1
4815,28818,1
4816,28819,1
4817,28820,1
4818,28821,1
4819,28822,1
4820,28823,1
4821,28824,1
4822,28825,1
4823,28826,1
4824,28827,1
4825,28828,1
4826,28829,1
4827,28830,1
4828,28831,1
4829,28832,1
4830,28833,1
4831,28834,1
4832,28835,1
4833,28836,1
4834,28837,1
4835,28838,1
4836,28839,1
4837,28840,1
4838,28841,1
4839,28842,1
4840,28843,1
4841,28844,1
4842,28845,1
4843,28846,1
4844,28847,1
4845,28848,1
4846,28849,1
4847,28850,1
4848,28851,1
4849,28852,1
4850,28853,1
4851,28854,1
4852,28855,1
4853,28856,1
4854,28857,1
4855,28858,1
4856,28859,1
4857,28860,1
4858,28861,1
4859,28862,1
4860,28863,1
4861,28864,1
4862,28865,1
4863,28866,1
4864,28867,1
4865,28868,1
4866,28869,1
4867,28870,1
4868,28871,1
4869,28872,1
4870,28873,1
4871,28874,1
4872,28875,1
4873,28876,1
4874,28877,1
4875,28878,1
4876,28879,1
4877,28880,1
4878,28881,1
4879,28882,1
4880,28883,1
4881,28884,1
4882,28885,1
4883,28886,1
4884,28887,1
4885,28888,1
4886,28889,1
4887,28890,1
4888,28891,1
4889,28892,1
4890,28893,1
4891,28894,1
4892,28895,1
4893,28896,1
4894,28897,1
4895,28898,1
4896,28899,1
4897,28900,1
4898,28901,1
4899,28902,1
4900,28903,1
4901,28904,1
4902,28905,1
4903,28906,1
4904,28907,1
4905,28908,1
4906,28909,1
4907,28910,1
4908,28911,1
4909,28912,1
4910,28913,1
4911,28914,1
4912,28915,1
4913,28916,1
4914,28917,1
4915,28918,1
4916,28919,1
4917,28920,1
4918,28921,1
4919,28922,1
4920,28923,1
4921,28924,1
4922,28925,1
4923,28926,1
4924,28927,1
4925,28928,1
4926,28929,1
4927,28930,1
4928,28931,1
4929,28932,1
4930,28933,1
4931,28934,1
4932,28935,1
4933,28936,1
4934,28937,1
4935,28938,1
4936,28939,1
4937,28940,1
4938,28941,1
4939,28942,1
4940,28943,1
4941,28944,1
4942,28945,1
4943,28946,1
4944,28947,1
4945,28948,1
4946,28949,1
4947,28950,1
4948,28951,1
4949,28952,1
4950,28953,1
4951,28954,1
4952,28955,1
4953,28956,1
4954,28957,1
4955,28958,1
4956,28959,1
4957,28960,1
4958,28961,1
4959,28962,1
4960,28963,1
4961,28964,1
4962,28965,1
4963,28966,1
4964,28967,1
4965,28968,1
4966,28969,1
4967,28970,1
4968,28971,1
4969,28972,1
4970,28973,1
4971,28974,1
4972,28975,1
4973,28976,1
4974,28977,1
4975,28978,1
4976,28979,1
4977,28980,1
4978,28981,1
4979,28982,1
4980,28983,1
4981,28984,1
4982,28985,1
4983,28986,1
4984,28987,1
4985,28988,1
4986,28989,1
4987,28990,1
4988,28991,1
4989,28992,1
4990,28993,1
4991,28994,1
4992,28995,1
4993,28996,1
4994,28997,1
4995,28998,1
4996,28999,1
4997,29000,1
4998,29001,1
4999,29002,1
5000,29003,1
5001,29004,1
5002,29005,1
5003,29006,1
5004,29007,1
5005,29008,1
5006,29009,1
5007,29010,1
5008,29011,1
5009,29012,1
5010,29013,1
5011,29014,1
5012,29015,1
5013,29016,1
5014,29017,1
5015,29018,1
5016,29019,1
5017,29020,1
5018,29021,1
5019,29022,1
5020,29023,1
5021,29024,1
5022,29025,1
5023,29026,1
5024,29027,1
5025,29028,1
5026,29029,1
5027,29030,1
5028,29031,1
5029,29032,1
5030,29033,1
5031,29034,1
5032,29035,1
5033,29036,1
5034,29037,1
5035,29038,1
5036,29039,1
5037,29040,1
5038,29041,1
5039,29042,1
5040,29043,1
5041,29044,1
5042,29045,1
5043,29046,1
5044,29047,1
5045,29048,1
5046,29049,1
5047,29050,1
5048,29051,1
5049,29052,1
5050,29053,1
5051,29054,1
5052,29055,1
5053,29056,1
5054,29057,1
5055,29058,1
5056,29059,1
5057,29060,1
5058,29061,1
5059,29062,1
5060,29063,1
5061,29064,1
5062,29065,1
5063,29066,1
5064,29067,1
5065,29068,1
5066,29069,1
5067,29070,1
5068,29071,1
5069,29072,1
5070,29073,1
5071,29074,1
5072,29075,1
5073,29076,1
5074,29077,1
5075,29078,1
5076,29079,1
5077,29080,1
5078,29081,1
5079,29082,1
5080,29083,1
5081,29084,1
5082,29085,1
5083,29086,1
5084,29087,1
5085,29088,1
5086,29089,1
5087,29090,1
5088,29091,1
5089,29092,1
5090,29093,1
5091,29094,1
5092,29095,1
5093,29096,1
5094,29097,1
5095,29098,1
5096,29099,1
5097,29100,1
5098,29101,1
5099,29102,1
5100,29103,1
5101,29104,1
5102,29105,1
5103,29106,1
5104,29107,1
5105,29108,1
5106,29109,1
5107,29110,1
5108,29111,1
5109,29112,1
5110,29113,1
5111,29114,1
5112,29115,1
5113,29116,1
5114,29117,1
5115,29118,1
5116,29119,1
5117,29120,1
5118,29121,1
5119,29122,1
5120,29123,1
5121,29124,1
5122,29125,1
5123,29126,1
5124,29127,1
5125,29128,1
5126,29129,1
5127,29130,1
5128,29131,1
5129,29132,1
5130,29133,1
5131,29134,1
5132,29135,1
5133,29136,1
5134,29137,1
5135,29138,1
5136,29139,1
5137,29140,1
5138,29141,1
5139,29142,1
5140,29143,1
5141,29144,1
5142,29145,1
5143,29146,1
5144,29147,1
5145,29148,1
5146,29149,1
5147,29150,1
5148,29151,1
5149,29152,1
5150,29153,1
5151,29154,1
5152,29155,1
5153,29156,1
5154,29157,1
5155,29158,1
5156,29159,1
5157,29160,1
5158,29161,1
5159,29162,1
5160,29163,1
5161,29164,1
5162,29165,1
5163,29166,1
5164,29167,1
5165,29168,1
5166,29169,1
5167,29170,1
5168,29171,1
5169,29172,1
5170,29173,1
5171,29174,1
5172,29175,1
5173,29176,1
5174,29177,1
5175,29178,1
5176,29179,1
5177,29180,1
5178,29181,1
5179,29182,1
5180,29183,1
5181,29184,1
5182,29185,1
5183,29186,1
5184,29187,1
5185,29188,1
5186,29189,1
5187,29190,1
5188,29191,1
5189,29192,1
5190,29193,1
5191,29194,1
5192,29195,1
5193,29196,1
5194,29197,1
5195,29198,1
5196,29199,1
5197,29200,1
5198,29201,1
5199,29202,1
5200,29203,1
5201,29204,1
5202,29205,1
5203,29206,1
5204,29207,1
5205,29208,1
5206,29209,1
5207,29210,1
5208,29211,1
5209,29212,1
5210,29213,1
5211,29214,1
5212,29215,1
5213,29216,1
5214,29217,1
5215,29218,1
5216,29219,1
5217,29220,1
5218,29221,1
5219,29222,1
5220,29223,1
5221,29224,1
5668,29225,1
5669,29226,1
5670,29227,1
5671,29228,1
5672,29229,1
5673,29230,1
5674,29231,1
5675,29232,1
5676,29233,1
5677,29234,1
5678,29235,1
5679,29236,1
5680,29237,1
5681,29238,1
5682,29239,1
5683,29240,1
5684,29241,1
5685,29242,1
5686,29243,1
5687,29244,1
5688,29245,1
5689,29246,1
5690,29247,1
5691,29248,1
5692,29249,1
5693,29250,1
5694,29251,1
5695,29252,1
5696,29253,1
5697,29254,1
5698,29255,1
5699,29256,1
5700,29257,1
5701,29258,1
5702,29259,1
5703,29260,1
5704,29261,1
5705,29262,1
5706,29263,1
5707,29264,1
5708,29265,1
5709,29266,1
5710,29267,1
5711,29268,1
5712,29269,1
5713,29270,1
5714,29271,1
5715,29272,1
5716,29273,1
5717,29274,1
5718,29275,1
5719,29276,1
5720,29277,1
5721,29278,1
5722,29279,1
5723,29280,1
5724,29281,1
5725,29282,1
5726,29283,1
5727,29284,1
5728,29285,1
5729,29286,1
5730,29287,1
5731,29288,1
5732,29289,1
5733,29290,1
5734,29291,1
5735,29292,1
5736,29293,1
5737,29294,1
5738,29295,1
5739,29296,1
5740,29297,1
5741,29298,1
5742,29299,1
5743,29300,1
5744,29301,1
5745,29302,1
5746,29303,1
5747,29304,1
5748,29305,1
5749,29306,1
5750,29307,1
5751,29308,1
5752,29309,1
5753,29310,1
5754,29311,1
5755,29312,1
5756,29313,1
5757,29314,1
5758,29315,1
5759,29316,1
5760,29317,1
5761,29318,1
5762,29319,1
5763,29320,1
5764,29321,1
5765,29322,1
5766,29323,1
5767,29324,1
5768,29325,1
5769,29326,1
5770,29327,1
5771,29328,1
5772,29329,1
5773,29330,1
5774,29331,1
5775,29332,1
5776,29333,1
5777,29334,1
5778,29335,1
5779,29336,1
5780,29337,1
5781,29338,1
5782,29339,1
5783,29340,1
5784,29341,1
5785,29342,1
5786,29343,1
5787,29344,1
5788,29345,1
5789,29346,1
5790,29347,1
5791,29348,1
5792,29349,1
5793,29350,1
5794,29351,1
5795,29352,1
5796,29353,1
5797,29354,1
5798,29355,1
5799,29356,1
5800,29357,1
5801,29358,1
5802,29359,1
5803,29360,1
5804,29361,1
5805,29362,1
5806,29363,1
5807,29364,1
5808,29365,1
5809,29366,1
5810,29367,1
5811,29368,1
5812,29369,1
5813,29370,1
5814,29371,1
5815,29372,1
5816,29373,1
5817,29374,1
5818,29375,1
5819,29376,1
5820,29377,1
5821,29378,1
5822,29379,1
5823,29380,1
5824,29381,1
5825,29382,1
5826,29383,1
5827,29384,1
5828,29385,1
5829,29386,1
5830,29387,1
5831,29388,1
5832,29389,1
5833,29390,1
5834,29391,1
5835,29392,1
5836,29393,1
5837,29394,1
5838,29395,1
5839,29396,1
5840,29397,1
5841,29398,1
5842,29399,1
5843,29400,1
5844,29401,1
5845,29402,1
5846,29403,1
5847,29404,1
5848,29405,1
5849,29406,1
5850,29407,1
5851,29408,1
5852,29409,1
5853,29410,1
5854,29411,1
5855,29412,1
5856,29413,1
5857,29414,1
5858,29415,1
5859,29416,1
5860,29417,1
5861,29418,1
5862,29419,1
5863,29420,1
5864,29421,1
5865,29422,1
5866,29423,1
5867,29424,1
5868,29425,1
5869,29426,1
5870,29427,1
5871,29428,1
5872,29429,1
5873,29430,1
5874,29431,1
5875,29432,1
5876,29433,1
5877,29434,1
5878,29435,1
5879,29436,1
5880,29437,1
5881,29438,1
5882,29439,1
5883,29440,1
5884,29441,1
5885,29442,1
5886,29443,1
5887,29444,1
5888,29445,1
5889,29446,1
5890,29447,1
5891,29448,1
5892,29449,1
5893,29450,1
5894,29451,1
5895,29452,1
5896,29453,1
5897,29454,1
5898,29455,1
5899,29456,1
5900,29457,1
5901,29458,1
5902,29459,1
5903,29460,1
5904,29461,1
5905,29462,1
5906,29463,1
5907,29464,1
5908,29465,1
5909,29466,1
5910,29467,1
5911,29468,1
5912,29469,1
5913,29470,1
5914,29471,1
5915,29472,1
5916,29473,1
5917,29474,1
5918,29475,1
5919,29476,1
5920,29477,1
5921,29478,1
5922,29479,1
5923,29480,1
5924,29481,1
5925,29482,1
5926,29483,1
5927,29484,1
5928,29485,1
5929,29486,1
5930,29487,1
5931,29488,1
5932,29489,1
5933,29490,1
5934,29491,1
5935,29492,1
5936,29493,1
5937,29494,1
5938,29495,1
5939,29496,1
5940,29497,1
5941,29498,1
5942,29499,1
5943,29500,1
5944,29501,1
5945,29502,1
5946,29503,1
5947,29504,1
5948,29505,1
5949,29506,1
5950,29507,1
5951,29508,1
5952,29509,1
5953,29510,1
5954,29511,1
5955,29512,1
5956,29513,1
5957,29514,1
5958,29515,1
5959,29516,1
5960,29517,1
5961,29518,1
5962,29519,1
5963,29520,1
5964,29521,1
5965,29522,1
5966,29523,1
5967,29524,1
5968,29525,1
5969,29526,1
5970,29527,1
5971,29528,1
5972,29529,1
5973,29530,1
5974,29531,1
5975,29532,1
5976,29533,1
5977,29534,1
5978,29535,1
5979,29536,1
5980,29537,1
5981,29538,1
5982,29539,1
6447,29540,1
6448,29541,1
6449,29542,1
6450,29543,1
6451,29544,1
6452,29545,1
6453,29546,1
6454,29547,1
6455,29548,1
6456,29549,1
6457,29550,1
6458,29551,1
6459,29552,1
6460,29553,1
6461,29554,1
6462,29555,1
6463,29556,1
6464,29557,1
6465,29558,1
6466,29559,1
6467,29560,1
6468,29561,1
6469,29562,1
6470,29563,1
6471,29564,1
6472,29565,1
6473,29566,1
6474,29567,1
6475,29568,1
6476,29569,1
6477,29570,1
6478,29571,1
6479,29572,1
6480,29573,1
6481,29574,1
6482,29575,1
6483,29576,1
6484,29577,1
6485,29578,1
6486,29579,1
6487,29580,1
6488,29581,1
6489,29582,1
6490,29583,1
6491,29584,1
6492,29585,1
6493,29586,1
6494,29587,1
6495,29588,1
6496,29589,1
6497,29590,1
6498,29591,1
6499,29592,1
6500,29593,1
6501,29594,1
6502,29595,1
6503,29596,1
6504,29597,1
6505,29598,1
6506,29599,1
6507,29600,1
6508,29601,1
6509,29602,1
6510,29603,1
6511,29604,1
6512,29605,1
6513,29606,1
6514,29607,1
6515,29608,1
6516,29609,1
6517,29610,1
6518,29611,1
6519,29612,1
6520,29613,1
6521,29614,1
6522,29615,1
6523,29616,1
6524,29617,1
6525,29618,1
6526,29619,1
6527,29620,1
6528,29621,1
6529,29622,1
6530,29623,1
6531,29624,1
6532,29625,1
6533,29626,1
6534,29627,1
6535,29628,1
6536,29629,1
6537,29630,1
6538,29631,1
6539,29632,1
6540,29633,1
6541,29634,1
6542,29635,1
6543,29636,1
6544,29637,1
6545,29638,1
6546,29639,1
6547,29640,1
6548,29641,1
6549,29642,1
6550,29643,1
6551,29644,1
6552,29645,1
6553,29646,1
6554,29647,1
6555,29648,1
6556,29649,1
6557,29650,1
6558,29651,1
6559,29652,1
6560,29653,1
6561,29654,1
6562,29655,1
6563,29656,1
6564,29657,1
6565,29658,1
6566,29659,1
6567,29660,1
6568,29661,1
6569,29662,1
6570,29663,1
6571,29664,1
6572,29665,1
6573,29666,1
6574,29667,1
6575,29668,1
6576,29669,1
6577,29670,1
6578,29671,1
6579,29672,1
6580,29673,1
6581,29674,1
6582,29675,1
6583,29676,1
6584,29677,1
6585,29678,1
6586,29679,1
6587,29680,1
6588,29681,1
6589,29682,1
6590,29683,1
6591,29684,1
6592,29685,1
6593,29686,1
6594,29687,1
6595,29688,1
6596,29689,1
6597,29690,1
6598,29691,1
6599,29692,1
6600,29693,1
6601,29694,1
6602,29695,1
6603,29696,1
6604,29697,1
6605,29698,1
6606,29699,1
6607,29700,1
6608,29701,1
6609,29702,1
6610,29703,1
6611,29704,1
6612,29705,1
6613,29706,1
6614,29707,1
6615,29708,1
6616,29709,1
6617,29710,1
6618,29711,1
6619,29712,1
6620,29713,1
6621,29714,1
6622,29715,1
6623,29716,1
6624,29717,1
6625,29718,1
6626,29719,1
6627,29720,1
6628,29721,1
6629,29722,1
6630,29723,1
6631,29724,1
6632,29725,1
6633,29726,1
6634,29727,1
6635,29728,1
6636,29729,1
6637,29730,1
6638,29731,1
6639,29732,1
6640,29733,1
6641,29734,1
6642,29735,1
6643,29736,1
6644,29737,1
6645,29738,1
6646,29739,1
6647,29740,1
6648,29741,1
6649,29742,1
6650,29743,1
6651,29744,1
6652,29745,1
6653,29746,1
6654,29747,1
6655,29748,1
6656,29749,1
6657,29750,1
6658,29751,1
6659,29752,1
6660,29753,1
6661,29754,1
6662,29755,1
6663,29756,1
6664,29757,1
6665,29758,1
6666,29759,1
6667,29760,1
6668,29761,1
6669,29762,1
6670,29763,1
6671,29764,1
6672,29765,1
6673,29766,1
6674,29767,1
6675,29768,1
6676,29769,1
6677,29770,1
6678,29771,1
6679,29772,1
6680,29773,1
6681,29774,1
6682,29775,1
6683,29776,1
6684,29777,1
6685,29778,1
6686,29779,1
6687,29780,1
6688,29781,1
6689,29782,1
6690,29783,1
6691,29784,1
6692,29785,1
6693,29786,1
6694,29787,1
6695,29788,1
6696,29789,1
6697,29790,1
6698,29791,1
6699,29792,1
6700,29793,1
6701,29794,1
6702,29795,1
6703,29796,1
6704,29797,1
6705,29798,1
6706,29799,1
6707,29800,1
6708,29801,1
6709,29802,1
6710,29803,1
6711,29804,1
6712,29805,1
6713,29806,1
6714,29807,1
6715,29808,1
6716,29809,1
6717,29810,1
6718,29811,1
6719,29812,1
6720,29813,1
6721,29814,1
6722,29815,1
6723,29816,1
6724,29817,1
6725,29818,1
6726,29819,1
6727,29820,1
6728,29821,1
6729,29822,1
6730,29823,1
6731,29824,1
6732,29825,1
6733,29826,1
6734,29827,1
6735,29828,1
6736,29829,1
6737,29830,1
6738,29831,1
6739,29832,1
6740,29833,1
6741,29834,1
6742,29835,1
6743,29836,1
6744,29837,1
6745,29838,1
6746,29839,1
6747,29840,1
6748,29841,1
6749,29842,1
6750,29843,1
6751,29844,1
6752,29845,1
6753,29846,1
6754,29847,1
6755,29848,1
6756,29849,1
6757,29850,1
6758,29851,1
6759,29852,1
6760,29853,1
6761,29854,1
6762,29855,1
6763,29856,1
6764,29857,1
6765,29858,1
6766,29859,1
6767,29860,1
6768,29861,1
6769,29862,1
6770,29863,1
6771,29864,1
6772,29865,1
6773,29866,1
6774,29867,1
6775,29868,1
6776,29869,1
6777,29870,1
6778,29871,1
6779,29872,1
6780,29873,1
6781,29874,1
6782,29875,1
6783,29876,1
6784,29877,1
6785,29878,1
6786,29879,1
6787,29880,1
6788,29881,1
6789,29882,1
6790,29883,1
6791,29884,1
6792,29885,1
6793,29886,1
6794,29887,1
6795,29888,1
6796,29889,1
6797,29890,1
6798,29891,1
6799,29892,1
6800,29893,1
6801,29894,1
6802,29895,1
6803,29896,1
6804,29897,1
6805,29898,1
6806,29899,1
6807,29900,1
6808,29901,1
6809,29902,1
6810,29903,1
6811,29904,1
6812,29905,1
6813,29906,1
6814,29907,1
6815,29908,1
6816,29909,1
6817,29910,1
6818,29911,1
6819,29912,1
6820,29913,1
6821,29914,1
6822,29915,1
6823,29916,1
6824,29917,1
6825,29918,1
6826,29919,1
6827,29920,1
6828,29921,1
6829,29922,1
6830,29923,1
6831,29924,1
6832,29925,1
6833,29926,1
6834,29927,1
6835,29928,1
6836,29929,1
6837,29930,1
6838,29931,1
6839,29932,1
6840,29933,1
6841,29934,1
6842,29935,1
6843,29936,1
6844,29937,1
6845,29938,1
6846,29939,1
6847,29940,1
6848,29941,1
6849,29942,1
6850,29943,1
6851,29944,1
6852,29945,1
6853,29946,1
6854,29947,1
6855,29948,1
6856,29949,1
6857,29950,1
6858,29951,1
6859,29952,1
6860,29953,1
6861,29954,1
6862,29955,1
6863,29956,1
6864,29957,1
6865,29958,1
6866,29959,1
6867,29960,1
6868,29961,1
6869,29962,1
6870,29963,1
6871,29964,1
6872,29965,1
6873,29966,1
6874,29967,1
6875,29968,1
6876,29969,1
6877,29970,1
6878,29971,1
6879,29972,1
6880,29973,1
6881,29974,1
6882,29975,1
6883,29976,1
6884,29977,1
6885,29978,1
6886,29979,1
6887,29980,1
6888,29981,1
6889,29982,1
6890,29983,1
6891,29984,1
6892,29985,1
6893,29986,1
6894,29987,1
6895,29988,1
6896,29989,1
6897,29990,1
6898,29991,1
6899,29992,1
6900,29993,1
6901,29994,1
6902,29995,1
6903,29996,1
6904,29997,1
6905,29998,1
6906,29999,1
6907,30000,1
6908,30001,1
6909,30002,1
6910,30003,1
6911,30004,1
6912,30005,1
6913,30006,1
6914,30007,1
6915,30008,1
6916,30009,1
6917,30010,1
6918,30011,1
6919,30012,1
6920,30013,1
6921,30014,1
6922,30015,1
6923,30016,1
6924,30017,1
6925,30018,1
6926,30019,1
6927,30020,1
6928,30021,1
6929,30022,1
6930,30023,1
6931,30024,1
6932,30025,1
6933,30026,1
6934,30027,1
6935,30028,1
6936,30029,1
6937,30030,1
6938,30031,1
6939,30032,1
6940,30033,1
6941,30034,1
6942,30035,1
6943,30036,1
6944,30037,1
6945,30038,1
6946,30039,1
6947,30040,1
6948,30041,1
6949,30042,1
6950,30043,1
6951,30044,1
6952,30045,1
6953,30046,1
6954,30047,1
6955,30048,1
6956,30049,1
6957,30050,1
6958,30051,1
6959,30052,1
6960,30053,1
6961,30054,1
6962,30055,1
6963,30056,1
6964,30057,1
6965,30058,1
6966,30059,1
6967,30060,1
6968,30061,1
6969,30062,1
6970,30063,1
6971,30064,1
6972,30065,1
6973,30066,1
6974,30067,1
6975,30068,1
6976,30069,1
6977,30070,1
6978,30071,1
6979,30072,1
6980,30073,1
6981,30074,1
6982,30075,1
6983,30076,1
6984,30077,1
6985,30078,1
6986,30079,1
6987,30080,1
6988,30081,1
6989,30082,1
6990,30083,1
6991,30084,1
6992,30085,1
6993,30086,1
6994,30087,1
6995,30088,1
6996,30089,1
6997,30090,1
6998,30091,1
6999,30092,1
7000,30093,1
7001,30094,1
7002,30095,1
7003,30096,1
7004,30097,1
7005,30098,1
7006,30099,1
7007,30100,1
7008,30101,1
7009,30102,1
7010,30103,1
7011,30104,1
7012,30105,1
7013,30106,1
7014,30107,1
7015,30108,1
7016,30109,1
7017,30110,1
7018,30111,1
7019,30112,1
7020,30113,1
7021,30114,1
7022,30115,1
7023,30116,1
7024,30117,1
7025,30118,1
7026,30119,1
7027,30120,1
7028,30121,1
7029,30122,1
7030,30123,1
7031,30124,1
7032,30125,1
7033,30126,1
7034,30127,1
7035,30128,1
7036,30129,1
7037,30130,1
7038,30131,1
7039,30132,1
7040,30133,1
7041,30134,1
7042,30135,1
7043,30136,1
7044,30137,1
7045,30138,1
7046,30139,1
7047,30140,1
7048,30141,1
7049,30142,1
7050,30143,1
9042,30144,1
9043,30145,1
9044,30146,1
9045,30147,1
9046,30148,1
9047,30149,1
9048,30150,1
9049,30151,1
9050,30152,1
9051,30153,1
9052,30154,1
9053,30155,1
9054,30156,1
9055,30157,1
9056,30158,1
9057,30159,1
9058,30160,1
9059,30161,1
9060,30162,1
9061,30163,1
9062,30164,1
9063,30165,1
9064,30166,1
9065,30167,1
9066,30168,1
9067,30169,1
9068,30170,1
9069,30171,1
9070,30172,1
9071,30173,1
9072,30174,1
9073,30175,1
9074,30176,1
9075,30177,1
9076,30178,1
9077,30179,1
9078,30180,1
9079,30181,1
9080,30182,1
9081,30183,1
9082,30184,1
9083,30185,1
9084,30186,1
9085,30187,1
9086,30188,1
9087,30189,1
9088,30190,1
9089,30191,1
9090,30192,1
9091,30193,1
9092,30194,1
9093,30195,1
9094,30196,1
9095,30197,1
9096,30198,1
9097,30199,1
9098,30200,1
9099,30201,1
9100,30202,1
9101,30203,1
9102,30204,1
9103,30205,1
9104,30206,1
9105,30207,1
9106,30208,1
9107,30209,1
9108,30210,1
9109,30211,1
9110,30212,1
9111,30213,1
9112,30214,1
9113,30215,1
9114,30216,1
9115,30217,1
9116,30218,1
9117,30219,1
9118,30220,1
9119,30221,1
9120,30222,1
9121,30223,1
9122,30224,1
9123,30225,1
9124,30226,1
9125,30227,1
9126,30228,1
9127,30229,1
9128,30230,1
9129,30231,1
9130,30232,1
9131,30233,1
9132,30234,1
9133,30235,1
9134,30236,1
9135,30237,1
9136,30238,1
9137,30239,1
9138,30240,1
9139,30241,1
9140,30242,1
9141,30243,1
9142,30244,1
9143,30245,1
9144,30246,1
9145,30247,1
9146,30248,1
9147,30249,1
9148,30250,1
9149,30251,1
9150,30252,1
9151,30253,1
9152,30254,1
9153,30255,1
9154,30256,1
9155,30257,1
9156,30258,1
9157,30259,1
9158,30260,1
9159,30261,1
9160,30262,1
9161,30263,1
9162,30264,1
9163,30265,1
9164,30266,1
9165,30267,1
9166,30268,1
9167,30269,1
9168,30270,1
9169,30271,1
9170,30272,1
9171,30273,1
9172,30274,1
9173,30275,1
9174,30276,1
9175,30277,1
9176,30278,1
9177,30279,1
9178,30280,1
9179,30281,1
9180,30282,1
9181,30283,1
9182,30284,1
9183,30285,1
9184,30286,1
9185,30287,1
9186,30288,1
9187,30289,1
9188,30290,1
9189,30291,1
9190,30292,1
9191,30293,1
9192,30294,1
9193,30295,1
9194,30296,1
9195,30297,1
9196,30298,1
9197,30299,1
9198,30300,1
9199,30301,1
9200,30302,1
9201,30303,1
9202,30304,1
9203,30305,1
9204,30306,1
9205,30307,1
9206,30308,1
9207,30309,1
9208,30310,1
9209,30311,1
9210,30312,1
9211,30313,1
9212,30314,1
9213,30315,1
9214,30316,1
9215,30317,1
9216,30318,1
9217,30319,1
9218,30320,1
9219,30321,1
9220,30322,1
9221,30323,1
9222,30324,1
9223,30325,1
9224,30326,1
9225,30327,1
9226,30328,1
9227,30329,1
9228,30330,1
9229,30331,1
9230,30332,1
9231,30333,1
9232,30334,1
9233,30335,1
9234,30336,1
9235,30337,1
9236,30338,1
9237,30339,1
9238,30340,1
9239,30341,1
9240,30342,1
9241,30343,1
9242,30344,1
9243,30345,1
9244,30346,1
9245,30347,1
9246,30348,1
9247,30349,1
9248,30350,1
9249,30351,1
9250,30352,1
9251,30353,1
9252,30354,1
9253,30355,1
9254,30356,1
9255,30357,1
9256,30358,1
9257,30359,1
9258,30360,1
9259,30361,1
9260,30362,1
9261,30363,1
9262,30364,1
9263,30365,1
9264,30366,1
9265,30367,1
9266,30368,1
9267,30369,1
9268,30370,1
9269,30371,1
9270,30372,1
9271,30373,1
9272,30374,1
9273,30375,1
9274,30376,1
9275,30377,1
9276,30378,1
9277,30379,1
9278,30380,1
9279,30381,1
9280,30382,1
9281,30383,1
9282,30384,1
9283,30385,1
9284,30386,1
9285,30387,1
9286,30388,1
9287,30389,1
9288,30390,1
9289,30391,1
9290,30392,1
9291,30393,1
9292,30394,1
9293,30395,1
9294,30396,1
9295,30397,1
9296,30398,1
9297,30399,1
9298,30400,1
9299,30401,1
9300,30402,1
9301,30403,1
9302,30404,1
9303,30405,1
9304,30406,1
9305,30407,1
9306,30408,1
9307,30409,1
9308,30410,1
9309,30411,1
9310,30412,1
9311,30413,1
9312,30414,1
9313,30415,1
9314,30416,1
9315,30417,1
9316,30418,1
9317,30419,1
9318,30420,1
9319,30421,1
9320,30422,1
9321,30423,1
9322,30424,1
9323,30425,1
9324,30426,1
9325,30427,1
9326,30428,1
9327,30429,1
9328,30430,1
9329,30431,1
9330,30432,1
9331,30433,1
9332,30434,1
9333,30435,1
9334,30436,1
9335,30437,1
9336,30438,1
9337,30439,1
9338,30440,1
9339,30441,1
9340,30442,1
9341,30443,1
9342,30444,1
9343,30445,1
9344,30446,1
9345,30447,1
9346,30448,1
9347,30449,1
9348,30450,1
9349,30451,1
9350,30452,1
9351,30453,1
9352,30454,1
9353,30455,1
9354,30456,1
9355,30457,1
9356,30458,1
9357,30459,1
9358,30460,1
9359,30461,1
9360,30462,1
9361,30463,1
9362,30464,1
9363,30465,1
9364,30466,1
9365,30467,1
9366,30468,1
9367,30469,1
9368,30470,1
9369,30471,1
9370,30472,1
9371,30473,1
9372,30474,1
9373,30475,1
9374,30476,1
9375,30477,1
9376,30478,1
9377,30479,1
9378,30480,1
9379,30481,1
9380,30482,1
9381,30483,1
9382,30484,1
9383,30485,1
9384,30486,1
9385,30487,1
9386,30488,1
9387,30489,1
9388,30490,1
9389,30491,1
9390,30492,1
9391,30493,1
9392,30494,1
9393,30495,1
9394,30496,1
9395,30497,1
9396,30498,1
9397,30499,1
9398,30500,1
9399,30501,1
9400,30502,1
9401,30503,1
9402,30504,1
9403,30505,1
9404,30506,1
9405,30507,1
9406,30508,1
9407,30509,1
9408,30510,1
9409,30511,1
9410,30512,1
9411,30513,1
9412,30514,1
9413,30515,1
9414,30516,1
9415,30517,1
9416,30518,1
9417,30519,1
9418,30520,1
9419,30521,1
9420,30522,1
9421,30523,1
9422,30524,1
9423,30525,1
9424,30526,1
9425,30527,1
9426,30528,1
9427,30529,1
9428,30530,1
9429,30531,1
9430,30532,1
9431,30533,1
9432,30534,1
9433,30535,1
9434,30536,1
9435,30537,1
9436,30538,1
9437,30539,1
9438,30540,1
9439,30541,1
9440,30542,1
9441,30543,1
9442,30544,1
9443,30545,1
9444,30546,1
9445,30547,1
9446,30548,1
9447,30549,1
9448,30550,1
9449,30551,1
9450,30552,1
9451,30553,1
9452,30554,1
9453,30555,1
9454,30556,1
9455,30557,1
9456,30558,1
9457,30559,1
9458,30560,1
9459,30561,1
9460,30562,1
9461,30563,1
9462,30564,1
9463,30565,1
9464,30566,1
9465,30567,1
9466,30568,1
9467,30569,1
9468,30570,1
9469,30571,1
9470,30572,1
9471,30573,1
9472,30574,1
9473,30575,1
9474,30576,1
9475,30577,1
9476,30578,1
9477,30579,1
9478,30580,1
9479,30581,1
9480,30582,1
9481,30583,1
9482,30584,1
9483,30585,1
9484,30586,1
9485,30587,1
9486,30588,1
9487,30589,1
9488,30590,1
9489,30591,1
9490,30592,1
9491,30593,1
9492,30594,1
9493,30595,1
9494,30596,1
9495,30597,1
9496,30598,1
9497,30599,1
9498,30600,1
9499,30601,1
9500,30602,1
9501,30603,1
9502,30604,1
9503,30605,1
9504,30606,1
9505,30607,1
9506,30608,1
9507,30609,1
9508,30610,1
9509,30611,1
9510,30612,1
9511,30613,1
9512,30614,1
9513,30615,1
9514,30616,1
9515,30617,1
9516,30618,1
9517,30619,1
9518,30620,1
9519,30621,1
9520,30622,1
9521,30623,1
9522,30624,1
9523,30625,1
9524,30626,1
9525,30627,1
9526,30628,1
9527,30629,1
9528,30630,1
9529,30631,1
9530,30632,1
9531,30633,1
9532,30634,1
9533,30635,1
9534,30636,1
9535,30637,1
9536,30638,1
9537,30639,1
9538,30640,1
9539,30641,1
9540,30642,1
9541,30643,1
9542,30644,1
9543,30645,1
9544,30646,1
9545,30647,1
9546,30648,1
9547,30649,1
9548,30650,1
9549,30651,1
9550,30652,1
9551,30653,1
9552,30654,1
9553,30655,1
9554,30656,1
9555,30657,1
9556,30658,1
9557,30659,1
9558,30660,1
9559,30661,1
9560,30662,1
9561,30663,1
9562,30664,1
9563,30665,1
9564,30666,1
9565,30667,1
9566,30668,1
9567,30669,1
9568,30670,1
9569,30671,1
9570,30672,1
9571,30673,1
9572,30674,1
9573,30675,1
9574,30676,1
9575,30677,1
9576,30678,1
9577,30679,1
9578,30680,1
9579,30681,1
9580,30682,1
9581,30683,1
9582,30684,1
9583,30685,1
9584,30686,1
9585,30687,1
9586,30688,1
9587,30689,1
9588,30690,1
9589,30691,1
9590,30692,1
9591,30693,1
9592,30694,1
9593,30695,1
9594,30696,1
9595,30697,1
9596,30698,1
9597,30699,1
9598,30700,1
9599,30701,1
9600,30702,1
9601,30703,1
9602,30704,1
9603,30705,1
9604,30706,1
9605,30707,1
9606,30708,1
9607,30709,1
9608,30710,1
9609,30711,1
9610,30712,1
9611,30713,1
9612,30714,1
9613,30715,1
9614,30716,1
9615,30717,1
9616,30718,1
9617,30719,1
9618,30720,1
9619,30721,1
9620,30722,1
9621,30723,1
9622,30724,1
9623,30725,1
9624,30726,1
9625,30727,1
9626,30728,1
9627,30729,1
9628,30730,1
9629,30731,1
9630,30732,1
9631,30733,1
9632,30734,1
9633,30735,1
9634,30736,1
9635,30737,1
9636,30738,1
9637,30739,1
9638,30740,1
9639,30741,1
9640,30742,1
9641,30743,1
9642,30744,1
9643,30745,1
9644,30746,1
9645,30747,1
9646,30748,1
9647,30749,1
9648,30750,1
9649,30751,1
9650,30752,1
9651,30753,1
9652,30754,1
9653,30755,1
9654,30756,1
9655,30757,1
9656,30758,1
9657,30759,1
9658,30760,1
9659,30761,1
9660,30762,1
9661,30763,1
9662,30764,1
9663,30765,1
9664,30766,1
9665,30767,1
9666,30768,1
9667,30769,1
9668,30770,1
9669,30771,1
9670,30772,1
9671,30773,1
9672,30774,1
9673,30775,1
9674,30776,1
9675,30777,1
9676,30778,1
9677,30779,1
9678,30780,1
9679,30781,1
9680,30782,1
9681,30783,1
9682,30784,1
9683,30785,1
9684,30786,1
9685,30787,1
9686,30788,1
9687,30789,1
9688,30790,1
9689,30791,1
9690,30792,1
9691,30793,1
9692,30794,1
9693,30795,1
9694,30796,1
9695,30797,1
9696,30798,1
9697,30799,1
9698,30800,1
9699,30801,1
9700,30802,1
9701,30803,1
9702,30804,1
9703,30805,1
9704,30806,1
9705,30807,1
9706,30808,1
9707,30809,1
9708,30810,1
9709,30811,1
9710,30812,1
9711,30813,1
9712,30814,1
9713,30815,1
9714,30816,1
9715,30817,1
9716,30818,1
9717,30819,1
9718,30820,1
9719,30821,1
9720,30822,1
9721,30823,1
9722,30824,1
9723,30825,1
9724,30826,1
9725,30827,1
9726,30828,1
9727,30829,1
9728,30830,1
9729,30831,1
9730,30832,1
9731,30833,1
9732,30834,1
9733,30835,1
9734,30836,1
9735,30837,1
9736,30838,1
9737,30839,1
9738,30840,1
9739,30841,1
9740,30842,1
9741,30843,1
9742,30844,1
9743,30845,1
9744,30846,1
9745,30847,1
9746,30848,1
9747,30849,1
9748,30850,1
9749,30851,1
9750,30852,1
9751,30853,1
9752,30854,1
9753,30855,1
9754,30856,1
9755,30857,1
9756,30858,1
9757,30859,1
9758,30860,1
9759,30861,1
9760,30862,1
9761,30863,1
9762,30864,1
9763,30865,1
9764,30866,1
9765,30867,1
9766,30868,1
9767,30869,1
9768,30870,1
9769,30871,1
9770,30872,1
9771,30873,1
9772,30874,1
9773,30875,1
9774,30876,1
9775,30877,1
9776,30878,1
9777,30879,1
9778,30880,1
9779,30881,1
9780,30882,1
9781,30883,1
9782,30884,1
9783,30885,1
9784,30886,1
9785,30887,1
9786,30888,1
9787,30889,1
9788,30890,1
9789,30891,1
9790,30892,1
9791,30893,1
9792,30894,1
9793,30895,1
9794,30896,1
9795,30897,1
9796,30898,1
9797,30899,1
9798,30900,1
9799,30901,1
9800,30902,1
9801,30903,1
9802,30904,1
9803,30905,1
9804,30906,1
9805,30907,1
9806,30908,1
9807,30909,1
9808,30910,1
9809,30911,1
9810,30912,1
9811,30913,1
9812,30914,1
9813,30915,1
9814,30916,1
9815,30917,1
9816,30918,1
9817,30919,1
9818,30920,1
9819,30921,1
9820,30922,1
9821,30923,1
9822,30924,1
9823,30925,1
9824,30926,1
9825,30927,1
9826,30928,1
9827,30929,1
9828,30930,1
9829,30931,1
9830,30932,1
9831,30933,1
9832,30934,1
9833,30935,1
9834,30936,1
9835,30937,1
9836,30938,1
9837,30939,1
9838,30940,1
9839,30941,1
9840,30942,1
9841,30943,1
9842,30944,1
9843,30945,1
9844,30946,1
9845,30947,1
9846,30948,1
9847,30949,1
9848,30950,1
9849,30951,1
9850,30952,1
9851,30953,1
9852,30954,1
9853,30955,1
9854,30956,1
9855,30957,1
9856,30958,1
9857,30959,1
9858,30960,1
9859,30961,1
9860,30962,1
9861,30963,1
9862,30964,1
9863,30965,1
9864,30966,1
9865,30967,1
9866,30968,1
9867,30969,1
9868,30970,1
9869,30971,1
9870,30972,1
9871,30973,1
9872,30974,1
9873,30975,1
9874,30976,1
9875,30977,1
9876,30978,1
9877,30979,1
9878,30980,1
9879,30981,1
9880,30982,1
9881,30983,1
9882,30984,1
9883,30985,1
9884,30986,1
9885,30987,1
9886,30988,1
9887,30989,1
9888,30990,1
9889,30991,1
9890,30992,1
9891,30993,1
9892,30994,1
9893,30995,1
9894,30996,1
9895,30997,1
9896,30998,1
9897,30999,1
9898,31000,1
9899,31001,1
9900,31002,1
9901,31003,1
9902,31004,1
9903,31005,1
9904,31006,1
9905,31007,1
9906,31008,1
9907,31009,1
9908,31010,1
9909,31011,1
9910,31012,1
9911,31013,1
9912,31014,1
9913,31015,1
9914,31016,1
9915,31017,1
9916,31018,1
9917,31019,1
9918,31020,1
9919,31021,1
9920,31022,1
9921,31023,1
9922,31024,1
9923,31025,1
9924,31026,1
9925,31027,1
9926,31028,1
9927,31029,1
9928,31030,1
9929,31031,1
9930,31032,1
9931,31033,1
9932,31034,1
9933,31035,1
9934,31036,1
9935,31037,1
9936,31038,1
9937,31039,1
9938,31040,1
9939,31041,1
9940,31042,1
9941,31043,1
9942,31044,1
9943,31045,1
9944,31046,1
9945,31047,1
9946,31048,1
9947,31049,1
9948,31050,1
9949,31051,1
9950,31052,1
9951,31053,1
9952,31054,1
9953,31055,1
9954,31056,1
9955,31057,1
9956,31058,1
9957,31059,1
9958,31060,1
9959,31061,1
9960,31062,1
9961,31063,1
9962,31064,1
9963,31065,1
9964,31066,1
9965,31067,1
9966,31068,1
9967,31069,1
9968,31070,1
9969,31071,1
9970,31072,1
9971,31073,1
9972,31074,1
9973,31075,1
9974,31076,1
9975,31077,1
9976,31078,1
9977,31079,1
9978,31080,1
9979,31081,1
9980,31082,1
9981,31083,1
9982,31084,1
9983,31085,1
9984,31086,1
9985,31087,1
9986,31088,1
9987,31089,1
9988,31090,1
9989,31091,1
9990,31092,1
9991,31093,1
9992,31094,1
9993,31095,1
9994,31096,1
9995,31097,1
9996,31098,1
9997,31099,1
9998,31100,1
9999,31101,1
10000,31102,1
10001,31103,1
10002,31104,1
10003,31105,1
10004,31106,1
10005,31107,1
10006,31108,1
10007,31109,1
10008,31110,1
10009,31111,1
10010,31112,1
10011,31113,1
10012,31114,1
10013,31115,1
10014,31116,1
10015,31117,1
10016,31118,1
10017,31119,1
10018,31120,1
10019,31121,1
10020,31122,1
10021,31123,1
10022,31124,1
10023,31125,1
10024,31126,1
10025,31127,1
10026,31128,1
10027,31129,1
10028,31130,1
10029,31131,1
10030,31132,1
10031,31133,1
10032,31134,1
10033,31135,1
10034,31136,1
10035,31137,1
10036,31138,1
10037,31139,1
10038,31140,1
10039,31141,1
10040,31142,1
10041,31143,1
10042,31144,1
10043,31145,1
10044,31146,1
10045,31147,1
10046,31148,1
10047,31149,1
10048,31150,1
10049,31151,1
10050,31152,1
10051,31153,1
10052,31154,1
10053,31155,1
10054,31156,1
10055,31157,1
10056,31158,1
10057,31159,1
10058,31160,1
10059,31161,1
10060,31162,1
10061,31163,1
10062,31164,1
10063,31165,1
10064,31166,1
10065,31167,1
10066,31168,1
10067,31169,1
10068,31170,1
10069,31171,1
10070,31172,1
10071,31173,1
10072,31174,1
10073,31175,1
10074,31176,1
10075,31177,1
10076,31178,1
10077,31179,1
10078,31180,1
10079,31181,1
10080,31182,1
10081,31183,1
10082,31184,1
10083,31185,1
10084,31186,1
10085,31187,1
10086,31188,1
10087,31189,1
10088,31190,1
10089,31191,1
10090,31192,1
10091,31193,1
10092,31194,1
10093,31195,1
10094,31196,1
10095,31197,1
10096,31198,1
10097,31199,1
10098,31200,1
10099,31201,1
10100,31202,1
10101,31203,1
10102,31204,1
10103,31205,1
10104,31206,1
10105,31207,1
10106,31208,1
10107,31209,1
10108,31210,1
10109,31211,1
10110,31212,1
10111,31213,1
10112,31214,1
10113,31215,1
10114,31216,1
10115,31217,1
10116,31218,1
10117,31219,1
10118,31220,1
10119,31221,1
10120,31222,1
10121,31223,1
10122,31224,1
10123,31225,1
10124,31226,1
10125,31227,1
10126,31228,1
10127,31229,1
10128,31230,1
10129,31231,1
10130,31232,1
10131,31233,1
10132,31234,1
10133,31235,1
10134,31236,1
10135,31237,1
10136,31238,1
10137,31239,1
10138,31240,1
10139,31241,1
10140,31242,1
10141,31243,1
10142,31244,1
10143,31245,1
10144,31246,1
10145,31247,1
10146,31248,1
10147,31249,1
10148,31250,1
10149,31251,1
10150,31252,1
10151,31253,1
10152,31254,1
10153,31255,1
10154,31256,1
10155,31257,1
10156,31258,1
10157,31259,1
10158,31260,1
10159,31261,1
10160,31262,1
10161,31263,1
10162,31264,1
10163,31265,1
10164,31266,1
10165,31267,1
10166,31268,1
10167,31269,1
10168,31270,1
10169,31271,1
10170,31272,1
10171,31273,1
10172,31274,1
10173,31275,1
10174,31276,1
10175,31277,1
10176,31278,1
10177,31279,1
10178,31280,1
10179,31281,1
10180,31282,1
10181,31283,1
10182,31284,1
10183,31285,1
10184,31286,1
10185,31287,1
10186,31288,1
10187,31289,1
10188,31290,1
10189,31291,1
10190,31292,1
10191,31293,1
10192,31294,1
10193,31295,1
10194,31296,1
10195,31297,1
10196,31298,1
10197,31299,1
10198,31300,1
10199,31301,1
10200,31302,1
10201,31303,1
10202,31304,1
10203,31305,1
10204,31306,1
10205,31307,1
10206,31308,1
10207,31309,1
10208,31310,1
10209,31311,1
10210,31312,1
10211,31313,1
10212,31314,1
10213,31315,1
10214,31316,1
10215,31317,1
10216,31318,1
10217,31319,1
10218,31320,1
10219,31321,1
10220,31322,1
10221,31323,1
10222,31324,1
10223,31325,1
10224,31326,1
10225,31327,1
10226,31328,1
10227,31329,1
10228,31330,1
10229,31331,1
10230,31332,1
10231,31333,1
10232,31334,1
10233,31335,1
10234,31336,1
10235,31337,1
10236,31338,1
10237,31339,1
10238,31340,1
10239,31341,1
10240,31342,1
10241,31343,1
10242,31344,1
10243,31345,1
10244,31346,1
10245,31347,1
10246,31348,1
10247,31349,1
10248,31350,1
10249,31351,1
10250,31352,1
10251,31353,1
10252,31354,1
10253,31355,1
10254,31356,1
10255,31357,1
10256,31358,1
10257,31359,1
10258,31360,1
10259,31361,1
10260,31362,1
10261,31363,1
10262,31364,1
10263,31365,1
10264,31366,1
10265,31367,1
10266,31368,1
10267,31369,1
10268,31370,1
10269,31371,1
10270,31372,1
10271,31373,1
10272,31374,1
10273,31375,1
10274,31376,1
10275,31377,1
10276,31378,1
10277,31379,1
10278,31380,1
10279,31381,1
10280,31382,1
10281,31383,1
10282,31384,1
10283,31385,1
10284,31386,1
10285,31387,1
10286,31388,1
10287,31389,1
10288,31390,1
10289,31391,1
10290,31392,1
10291,31393,1
10292,31394,1
10293,31395,1
10294,31396,1
10295,31397,1
10296,31398,1
10297,31399,1
10298,31400,1
10299,31401,1
10300,31402,1
10301,31403,1
10302,31404,1
10303,31405,1
10304,31406,1
10305,31407,1
10306,31408,1
10307,31409,1
10308,31410,1
10309,31411,1
10310,31412,1
10311,31413,1
10312,31414,1
10313,31415,1
10314,31416,1
10315,31417,1
10316,31418,1
10317,31419,1
10318,31420,1
10319,31421,1
10320,31422,1
10321,31423,1
10322,31424,1
10323,31425,1
10324,31426,1
10325,31427,1
10326,31428,1
10327,31429,1
10328,31430,1
10329,31431,1
10330,31432,1
10331,31433,1
10332,31434,1
10333,31435,1
10334,31436,1
10335,31437,1
10336,31438,1
10337,31439,1
10338,31440,1
10339,31441,1
10340,31442,1
10341,31443,1
10342,31444,1
10343,31445,1
10344,31446,1
10345,31447,1
10346,31448,1
10347,31449,1
10348,31450,1
10349,31451,1
10350,31452,1
10351,31453,1
10352,31454,1
10353,31455,1
10354,31456,1
10355,31457,1
10356,31458,1
10357,31459,1
10358,31460,1
10359,31461,1
10360,31462,1
10361,31463,1
10362,31464,1
10363,31465,1
10364,31466,1
10365,31467,1
10366,31468,1
10367,31469,1
10368,31470,1
10369,31471,1
10370,31472,1
10371,31473,1
10372,31474,1
10373,31475,1
10374,31476,1
10375,31477,1
10376,31478,1
10377,31479,1
10378,31480,1
10379,31481,1
10380,31482,1
10381,31483,1
10382,31484,1
10383,31485,1
10384,31486,1
10385,31487,1
10386,31488,1
10387,31489,1
10388,31490,1
10389,31491,1
10390,31492,1
10391,31493,1
10392,31494,1
10393,31495,1
10394,31496,1
10395,31497,1
10396,31498,1
10397,31499,1
10398,31500,1
10399,31501,1
10400,31502,1
10401,31503,1
10402,31504,1
10403,31505,1
10404,31506,1
10405,31507,1
10406,31508,1
10407,31509,1
10408,31510,1
10409,31511,1
10410,31512,1
10411,31513,1
10412,31514,1
10413,31515,1
10414,31516,1
10415,31517,1
10416,31518,1
10417,31519,1
10418,31520,1
10419,31521,1
10420,31522,1
10421,31523,1
10422,31524,1
10423,31525,1
10424,31526,1
10425,31527,1
10426,31528,1
10427,31529,1
10428,31530,1
10429,31531,1
10430,31532,1
10431,31533,1
10432,31534,1
10433,31535,1
10434,31536,1
10435,31537,1
10436,31538,1
10437,31539,1
10438,31540,1
10439,31541,1
10440,31542,1
10441,31543,1
10442,31544,1
10443,31545,1
10444,31546,1
10445,31547,1
10446,31548,1
10447,31549,1
10448,31550,1
10449,31551,1
10450,31552,1
10451,31553,1
10452,31554,1
10453,31555,1
10454,31556,1
10455,31557,1
10456,31558,1
10457,31559,1
10458,31560,1
10459,31561,1
10460,31562,1
10461,31563,1
10462,31564,1
10463,31565,1
10464,31566,1
10465,31567,1
10466,31568,1
10467,31569,1
10468,31570,1
10469,31571,1
10470,31572,1
10471,31573,1
10472,31574,1
10473,31575,1
10474,31576,1
10475,31577,1
10476,31578,1
10477,31579,1
10478,31580,1
10479,31581,1
10480,31582,1
10481,31583,1
10482,31584,1
10483,31585,1
10484,31586,1
10485,31587,1
10486,31588,1
10487,31589,1
10488,31590,1
10489,31591,1
10490,31592,1
10491,31593,1
10492,31594,1
10493,31595,1
10494,31596,1
10495,31597,1
10496,31598,1
10497,31599,1
10498,31600,1
10499,31601,1
10500,31602,1
10501,31603,1
10502,31604,1
10503,31605,1
10504,31606,1
10505,31607,1
10506,31608,1
10507,31609,1
10508,31610,1
10509,31611,1
10510,31612,1
10511,31613,1
10512,31614,1
10513,31615,1
10514,31616,1
10515,31617,1
10516,31618,1
10517,31619,1
10518,31620,1
10519,31621,1
10520,31622,1
10521,31623,1
10522,31624,1
10523,31625,1
10524,31626,1
10525,31627,1
10526,31628,1
10527,31629,1
10528,31630,1
10529,31631,1
10530,31632,1
10531,31633,1
10532,31634,1
10533,31635,1
10534,31636,1
10535,31637,1
10536,31638,1
10537,31639,1
10538,31640,1
10539,31641,1
10540,31642,1
10541,31643,1
10542,31644,1
10543,31645,1
10544,31646,1
10545,31647,1
10546,31648,1
10547,31649,1
10548,31650,1
10549,31651,1
10550,31652,1
10551,31653,1
10552,31654,1
10553,31655,1
10554,31656,1
10555,31657,1
10556,31658,1
10557,31659,1
10558,31660,1
10559,31661,1
10560,31662,1
10561,31663,1
10562,31664,1
10563,31665,1
10564,31666,1
10565,31667,1
10566,31668,1
10567,31669,1
10568,31670,1
10569,31671,1
10570,31672,1
10571,31673,1
10572,31674,1
10573,31675,1
10574,31676,1
10575,31677,1
10576,31678,1
10577,31679,1
10578,31680,1
10579,31681,1
10580,31682,1
10581,31683,1
10582,31684,1
10583,31685,1
10584,31686,1
10585,31687,1
10586,31688,1
10587,31689,1
10588,31690,1
10589,31691,1
10590,31692,1
10591,31693,1
10592,31694,1
10593,31695,1
10594,31696,1
10595,31697,1
10596,31698,1
10597,31699,1
10598,31700,1
10599,31701,1
10600,31702,1
10601,31703,1
10602,31704,1
10603,31705,1
10604,31706,1
10605,31707,1
10606,31708,1
10607,31709,1
10608,31710,1
10609,31711,1
10610,31712,1
10611,31713,1
10612,31714,1
10613,31715,1
10614,31716,1
10615,31717,1
10616,31718,1
10617,31719,1
10618,31720,1
10619,31721,1
10620,31722,1
10621,31723,1
10622,31724,1
10623,31725,1
10624,31726,1
10625,31727,1
10626,31728,1
10627,31729,1
10628,31730,1
10629,31731,1
10630,31732,1
10631,31733,1
10632,31734,1
10633,31735,1
10634,31736,1
10635,31737,1
10636,31738,1
10637,31739,1
10638,31740,1
10639,31741,1
10640,31742,1
10641,31743,1
10642,31744,1
10643,31745,1
10644,31746,1
10645,31747,1
10646,31748,1
10647,31749,1
10648,31750,1
10649,31751,1
10650,31752,1
10651,31753,1
10652,31754,1
10653,31755,1
10654,31756,1
10655,31757,1
10656,31758,1
10657,31759,1
10658,31760,1
10659,31761,1
10660,31762,1
10661,31763,1
10662,31764,1
10663,31765,1
10664,31766,1
10665,31767,1
10666,31768,1
10667,31769,1
10668,31770,1
10669,31771,1
10670,31772,1
10671,31773,1
10672,31774,1
10673,31775,1
10674,31776,1
10675,31777,1
10676,31778,1
10677,31779,1
10678,31780,1
10679,31781,1
10680,31782,1
10681,31783,1
10682,31784,1
10683,31785,1
10684,31786,1
10685,31787,1
10686,31788,1
10687,31789,1
10688,31790,1
10689,31791,1
10690,31792,1
10691,31793,1
10692,31794,1
10693,31795,1
10694,31796,1
10695,31797,1
10696,31798,1
10697,31799,1
10698,31800,1
10699,31801,1
10700,31802,1
10701,31803,1
10702,31804,1
10703,31805,1
10704,31806,1
10705,31807,1
10706,31808,1
10707,31809,1
10708,31810,1
10709,31811,1
10710,31812,1
10711,31813,1
10712,31814,1
10713,31815,1
10714,31816,1
10715,31817,1
10716,31818,1
10717,31819,1
10718,31820,1
10719,31821,1
10720,31822,1
10721,31823,1
10722,31824,1
10723,31825,1
10724,31826,1
10725,31827,1
10726,31828,1
10727,31829,1
10728,31830,1
10729,31831,1
10730,31832,1
10731,31833,1
10732,31834,1
10733,31835,1
10734,31836,1
10735,31837,1
10736,31838,1
10737,31839,1
10738,31840,1
10739,31841,1
10740,31842,1
10741,31843,1
10742,31844,1
10743,31845,1
10744,31846,1
10745,31847,1
10746,31848,1
10747,31849,1
10748,31850,1
10749,31851,1
10750,31852,1
10751,31853,1
10752,31854,1
10753,31855,1
10754,31856,1
10755,31857,1
10756,31858,1
10757,31859,1
10758,31860,1
10759,31861,1
10760,31862,1
10761,31863,1
10762,31864,1
10763,31865,1
10764,31866,1
10765,31867,1
10766,31868,1
10767,31869,1
10768,31870,1
10769,31871,1
10770,31872,1
10771,31873,1
10772,31874,1
10773,31875,1
10774,31876,1
10775,31877,1
10776,31878,1
10777,31879,1
10778,31880,1
10779,31881,1
10780,31882,1
10781,31883,1
10782,31884,1
10783,31885,1
10784,31886,1
10785,31887,1
10786,31888,1
10787,31889,1
10788,31890,1
10789,31891,1
10790,31892,1
10791,31893,1
10792,31894,1
10793,31895,1
10794,31896,1
10795,31897,1
10796,31898,1
10797,31899,1
10798,31900,1
10799,31901,1
10800,31902,1
10801,31903,1
10802,31904,1
10803,31905,1
10804,31906,1
10805,31907,1
10806,31908,1
10807,31909,1
10808,31910,1
10809,31911,1
10810,31912,1
10811,31913,1
10812,31914,1
10813,31915,1
10814,31916,1
10815,31917,1
10816,31918,1
10817,31919,1
10818,31920,1
10819,31921,1
10820,31922,1
10821,31923,1
10822,31924,1
10823,31925,1
10824,31926,1
10825,31927,1
10826,31928,1
10827,31929,1
10828,31930,1
10829,31931,1
10830,31932,1
10831,31933,1
10832,31934,1
10833,31935,1
10834,31936,1
10835,31937,1
10836,31938,1
10837,31939,1
10838,31940,1
10839,31941,1
10840,31942,1
10841,31943,1
10842,31944,1
10843,31945,1
10844,31946,1
10845,31947,1
10846,31948,1
10847,31949,1
10848,31950,1
10849,31951,1
10850,31952,1
10851,31953,1
10852,31954,1
10853,31955,1
10854,31956,1
10855,31957,1
10856,31958,1
10857,31959,1
10858,31960,1
10859,31961,1
10860,31962,1
10861,31963,1
10862,31964,1
10863,31965,1
10864,31966,1
10865,31967,1
10866,31968,1
10867,31969,1
10868,31970,1
10869,31971,1
10870,31972,1
10871,31973,1
10872,31974,1
10873,31975,1
10874,31976,1
10875,31977,1
10876,31978,1
10877,31979,1
10878,31980,1
10879,31981,1
10880,31982,1
10881,31983,1
10882,31984,1
10883,31985,1
10884,31986,1
10885,31987,1
10886,31988,1
10887,31989,1
10888,31990,1
10889,31991,1
10890,31992,1
10891,31993,1
10892,31994,1
10893,31995,1
10894,31996,1
10895,31997,1
10896,31998,1
10897,31999,1
10898,32000,1
10899,32001,1
10900,32002,1
10901,32003,1
10902,32004,1
10903,32005,1
10904,32006,1
10905,32007,1
10906,32008,1
10907,32009,1
10908,32010,1
10909,32011,1
10910,32012,1
10911,32013,1
10912,32014,1
10913,32015,1
10914,32016,1
10915,32017,1
10916,32018,1
10917,32019,1
10918,32020,1
10919,32021,1
10920,32022,1
10921,32023,1
10922,32024,1
10923,32025,1
10924,32026,1
10925,32027,1
10926,32028,1
10927,32029,1
10928,32030,1
10929,32031,1
10930,32032,1
10931,32033,1
10932,32034,1
10933,32035,1
10934,32036,1
10935,32037,1
10936,32038,1
10937,32039,1
10938,32040,1
10939,32041,1
10940,32042,1
10941,32043,1
10942,32044,1
10943,32045,1
10944,32046,1
10945,32047,1
10946,32048,1
10947,32049,1
10948,32050,1
10949,32051,1
10950,32052,1
10951,32053,1
10952,32054,1
10953,32055,1
10954,32056,1
10955,32057,1
10956,32058,1
10957,32059,1
10958,32060,1
10959,32061,1
10960,32062,1
10961,32063,1
10962,32064,1
10963,32065,1
10964,32066,1
10965,32067,1
10966,32068,1
10967,32069,1
10968,32070,1
10969,32071,1
10970,32072,1
10971,32073,1
10972,32074,1
10973,32075,1
10974,32076,1
10975,32077,1
10976,32078,1
10977,32079,1
10978,32080,1
10979,32081,1
10980,32082,1
10981,32083,1
10982,32084,1
10983,32085,1
10984,32086,1
10985,32087,1
10986,32088,1
10987,32089,1
10988,32090,1
10989,32091,1
10990,32092,1
10991,32093,1
10992,32094,1
10993,32095,1
10994,32096,1
10995,32097,1
10996,32098,1
10997,32099,1
10998,32100,1
10999,32101,1
11000,32102,1
11001,32103,1
11002,32104,1
11003,32105,1
11004,32106,1
11005,32107,1
11006,32108,1
11007,32109,1
11008,32110,1
11009,32111,1
11010,32112,1
11011,32113,1
11012,32114,1
11013,32115,1
11014,32116,1
11015,32117,1
11016,32118,1
11017,32119,1
11018,32120,1
11019,32121,1
11020,32122,1
11021,32123,1
11022,32124,1
11023,32125,1
11024,32126,1
11025,32127,1
11026,32128,1
11027,32129,1
11028,32130,1
11029,32131,1
11030,32132,1
11031,32133,1
11032,32134,1
11033,32135,1
11034,32136,1
11035,32137,1
11036,32138,1
11037,32139,1
11038,32140,1
11039,32141,1
11040,32142,1
11041,32143,1
11042,32144,1
11043,32145,1
11044,32146,1
11045,32147,1
11046,32148,1
11047,32149,1
11048,32150,1
11049,32151,1
11050,32152,1
11051,32153,1
11052,32154,1
11053,32155,1
11054,32156,1
11055,32157,1
11056,32158,1
11057,32159,1
11058,32160,1
11059,32161,1
11060,32162,1
11061,32163,1
11062,32164,1
11063,32165,1
11064,32166,1
11065,32167,1
11066,32168,1
11067,32169,1
11068,32170,1
11069,32171,1
11070,32172,1
11071,32173,1
11072,32174,1
11073,32175,1
11074,32176,1
11075,32177,1
11076,32178,1
11077,32179,1
11078,32180,1
11079,32181,1
11080,32182,1
11081,32183,1
11082,32184,1
11083,32185,1
11084,32186,1
11085,32187,1
11086,32188,1
11087,32189,1
11088,32190,1
11089,32191,1
11090,32192,1
11091,32193,1
11092,32194,1
11093,32195,1
11094,32196,1
11095,32197,1
11096,32198,1
11097,32199,1
11098,32200,1
11099,32201,1
11100,32202,1
11101,32203,1
11102,32204,1
11103,32205,1
11104,32206,1
11105,32207,1
11106,32208,1
11107,32209,1
11108,32210,1
11109,32211,1
11110,32212,1
11111,32213,1
11112,32214,1
11113,32215,1
11114,32216,1
11115,32217,1
11116,32218,1
11117,32219,1
11118,32220,1
11119,32221,1
11120,32222,1
11121,32223,1
11122,32224,1
11123,32225,1
11124,32226,1
11125,32227,1
11126,32228,1
11127,32229,1
11128,32230,1
11129,32231,1
11130,32232,1
11131,32233,1
11132,32234,1
11133,32235,1
11134,32236,1
11135,32237,1
11136,32238,1
11137,32239,1
11138,32240,1
11139,32241,1
11140,32242,1
11141,32243,1
11142,32244,1
11143,32245,1
11144,32246,1
11145,32247,1
11146,32248,1
11147,32249,1
11148,32250,1
11149,32251,1
11150,32252,1
11151,32253,1
11152,32254,1
11153,32255,1
11154,32256,1
11155,32257,1
11156,32258,1
11157,32259,1
11158,32260,1
11159,32261,1
11160,32262,1
11161,32263,1
11162,32264,1
11163,32265,1
11164,32266,1
11165,32267,1
11166,32268,1
11167,32269,1
11168,32270,1
11169,32271,1
11170,32272,1
11171,32273,1
11172,32274,1
11173,32275,1
11174,32276,1
11175,32277,1
11176,32278,1
11177,32279,1
11178,32280,1
11179,32281,1
11180,32282,1
11181,32283,1
11182,32284,1
11183,32285,1
11184,32286,1
11185,32287,1
11186,32288,1
11187,32289,1
11188,32290,1
11189,32291,1
11190,32292,1
11191,32293,1
11192,32294,1
11193,32295,1
11194,32296,1
11195,32297,1
11196,32298,1
11197,32299,1
11198,32300,1
11199,32301,1
11200,32302,1
11201,32303,1
11202,32304,1
11203,32305,1
11204,32306,1
11205,32307,1
11206,32308,1
11207,32309,1
11208,32310,1
11209,32311,1
11210,32312,1
11211,32313,1
11212,32314,1
11213,32315,1
11214,32316,1
11215,32317,1
11216,32318,1
11217,32319,1
11218,32320,1
11219,32321,1
11220,32322,1
11221,32323,1
11222,32324,1
11223,32325,1
11224,32326,1
11225,32327,1
11226,32328,1
11227,32329,1
11228,32330,1
11229,32331,1
11230,32332,1
11231,32333,1
11232,32334,1
11233,32335,1
11234,32336,1
11235,32337,1
11236,32338,1
11237,32339,1
11238,32340,1
11239,32341,1
11240,32342,1
11241,32343,1
11242,32344,1
11243,32345,1
11244,32346,1
11245,32347,1
11246,32348,1
11247,32349,1
11248,32350,1
11249,32351,1
11250,32352,1
11251,32353,1
11252,32354,1
11253,32355,1
11254,32356,1
11255,32357,1
11256,32358,1
11257,32359,1
11258,32360,1
11259,32361,1
11260,32362,1
11261,32363,1
11262,32364,1
11263,32365,1
11264,32366,1
11265,32367,1
11266,32368,1
11267,32369,1
11268,32370,1
11269,32371,1
11270,32372,1
11271,32373,1
11272,32374,1
11273,32375,1
11274,32376,1
11275,32377,1
11276,32378,1
11277,32379,1
11278,32380,1
11279,32381,1
11280,32382,1
11281,32383,1
11282,32384,1
11283,32385,1
11284,32386,1
11285,32387,1
11286,32388,1
11287,32389,1
11288,32390,1
11289,32391,1
11290,32392,1
11291,32393,1
11292,32394,1
11293,32395,1
11294,32396,1
11295,32397,1
11296,32398,1
11297,32399,1
11298,32400,1
11299,32401,1
11300,32402,1
11301,32403,1
11302,32404,1
11303,32405,1
11304,32406,1
11305,32407,1
11306,32408,1
11307,32409,1
11308,32410,1
11309,32411,1
11310,32412,1
11311,32413,1
11312,32414,1
11313,32415,1
11314,32416,1
11315,32417,1
11316,32418,1
11317,32419,1
11318,32420,1
11319,32421,1
11320,32422,1
11321,32423,1
11322,32424,1
11323,32425,1
11324,32426,1
11325,32427,1
11326,32428,1
11327,32429,1
11328,32430,1
11329,32431,1
11330,32432,1
11331,32433,1
11332,32434,1
11333,32435,1
11334,32436,1
11335,32437,1
11336,32438,1
11337,32439,1
11338,32440,1
11339,32441,1
11340,32442,1
11341,32443,1
11342,32444,1
11343,32445,1
11344,32446,1
11345,32447,1
11346,32448,1
11347,32449,1
11348,32450,1
11349,32451,1
11350,32452,1
11351,32453,1
11352,32454,1
11353,32455,1
11354,32456,1
11355,32457,1
11356,32458,1
11357,32459,1
11358,32460,1
11359,32461,1
11360,32462,1
11361,32463,1
11362,32464,1
11363,32465,1
11364,32466,1
11365,32467,1
11366,32468,1
11367,32469,1
11368,32470,1
11369,32471,1
11370,32472,1
11371,32473,1
11372,32474,1
11373,32475,1
11374,32476,1
11375,32477,1
11376,32478,1
11377,32479,1
11378,32480,1
11379,32481,1
11380,32482,1
11381,32483,1
11382,32484,1
11383,32485,1
11384,32486,1
11385,32487,1
11386,32488,1
11387,32489,1
11388,32490,1
11389,32491,1
11390,32492,1
11391,32493,1
11392,32494,1
11393,32495,1
11394,32496,1
11395,32497,1
11396,32498,1
11397,32499,1
11398,32500,1
11399,32501,1
11400,32502,1
11401,32503,1
11402,32504,1
11403,32505,1
11404,32506,1
11405,32507,1
11406,32508,1
11407,32509,1
11408,32510,1
11409,32511,1
11410,32512,1
11411,32513,1
11412,32514,1
11413,32515,1
11414,32516,1
11415,32517,1
11416,32518,1
11417,32519,1
11418,32520,1
11419,32521,1
11420,32522,1
11421,32523,1
11422,32524,1
11423,32525,1
11424,32526,1
11425,32527,1
11426,32528,1
11427,32529,1
11428,32530,1
11429,32531,1
11430,32532,1
11431,32533,1
11432,32534,1
11433,32535,1
11434,32536,1
11435,32537,1
11436,32538,1
11437,32539,1
11438,32540,1
11439,32541,1
11440,32542,1
11441,32543,1
11442,32544,1
11443,32545,1
11444,32546,1
11445,32547,1
11446,32548,1
11447,32549,1
11448,32550,1
11449,32551,1
11450,32552,1
11451,32553,1
11452,32554,1
11453,32555,1
11454,32556,1
11455,32557,1
11456,32558,1
11457,32559,1
11458,32560,1
11459,32561,1
11460,32562,1
11461,32563,1
11462,32564,1
11463,32565,1
11464,32566,1
11465,32567,1
11466,32568,1
11467,32569,1
11468,32570,1
11469,32571,1
11470,32572,1
11471,32573,1
11472,32574,1
11473,32575,1
11474,32576,1
11475,32577,1
11476,32578,1
11477,32579,1
11478,32580,1
11479,32581,1
11480,32582,1
11481,32583,1
11482,32584,1
11483,32585,1
11484,32586,1
11485,32587,1
11486,32588,1
11487,32589,1
11488,32590,1
11489,32591,1
11490,32592,1
11491,32593,1
11492,32594,1
11493,32595,1
11494,32596,1
11495,32597,1
11496,32598,1
11497,32599,1
11498,32600,1
11499,32601,1
11500,32602,1
11501,32603,1
11502,32604,1
11503,32605,1
11504,32606,1
11505,32607,1
11506,32608,1
11507,32609,1
11508,32610,1
11509,32611,1
11510,32612,1
11511,32613,1
11512,32614,1
11513,32615,1
11514,32616,1
11515,32617,1
11516,32618,1
11517,32619,1
11518,32620,1
11519,32621,1
11520,32622,1
11521,32623,1
11522,32624,1
11523,32625,1
11524,32626,1
11525,32627,1
11526,32628,1
11527,32629,1
11528,32630,1
11529,32631,1
11530,32632,1
11531,32633,1
11532,32634,1
11533,32635,1
11534,32636,1
11535,32637,1
11536,32638,1
11537,32639,1
11538,32640,1
11539,32641,1
11540,32642,1
11541,32643,1
11542,32644,1
11543,32645,1
11544,32646,1
11545,32647,1
11546,32648,1
11547,32649,1
11548,32650,1
11549,32651,1
11550,32652,1
11551,32653,1
11552,32654,1
11553,32655,1
11554,32656,1
11555,32657,1
11556,32658,1
11557,32659,1
11558,32660,1
11559,32661,1
11560,32662,1
11561,32663,1
11562,32664,1
11563,32665,1
11564,32666,1
11565,32667,1
11566,32668,1
11567,32669,1
11568,32670,1
11569,32671,1
11570,32672,1
11571,32673,1
11572,32674,1
11573,32675,1
11574,32676,1
11575,32677,1
11576,32678,1
11577,32679,1
11578,32680,1
11579,32681,1
11580,32682,1
11581,32683,1
11582,32684,1
11583,32685,1
11584,32686,1
11585,32687,1
11586,32688,1
11587,32689,1
11588,32690,1
11589,32691,1
11590,32692,1
11591,32693,1
11592,32694,1
11593,32695,1
11594,32696,1
11595,32697,1
11596,32698,1
11597,32699,1
11598,32700,1
11599,32701,1
11600,32702,1
11601,32703,1
11602,32704,1
11603,32705,1
11604,32706,1
11605,32707,1
11606,32708,1
11607,32709,1
11608,32710,1
11609,32711,1
11610,32712,1
11611,32713,1
11612,32714,1
11613,32715,1
11614,32716,1
11615,32717,1
11616,32718,1
11617,32719,1
11618,32720,1
11619,32721,1
11620,32722,1
11621,32723,1
11622,32724,1
11623,32725,1
11624,32726,1
11625,32727,1
11626,32728,1
11627,32729,1
11628,32730,1
11629,32731,1
11630,32732,1
11631,32733,1
11632,32734,1
11633,32735,1
11634,32736,1
11635,32737,1
11636,32738,1
11637,32739,1
11638,32740,1
11639,32741,1
11640,32742,1
11641,32743,1
11642,32744,1
11643,32745,1
11644,32746,1
11645,32747,1
11646,32748,1
11647,32749,1
11648,32750,1
11649,32751,1
11650,32752,1
11651,32753,1
11652,32754,1
11653,32755,1
11654,32756,1
11655,32757,1
11656,32758,1
11657,32759,1
11658,32760,1
11659,32761,1
11660,32762,1
11661,32763,1
11662,32764,1
11663,32765,1
11664,32766,1
11665,32767,1
11666,32768,1
11667,32769,1
11668,32770,1
11669,32771,1
11670,32772,1
11671,32773,1
11672,32774,1
11673,32775,1
11674,32776,1
11675,32777,1
11676,32778,1
11677,32779,1
11678,32780,1
11679,32781,1
11680,32782,1
11681,32783,1
11682,32784,1
11683,32785,1
11684,32786,1
11685,32787,1
11686,32788,1
11687,32789,1
11688,32790,1
11689,32791,1
11690,32792,1
11691,32793,1
11692,32794,1
11693,32795,1
11694,32796,1
11695,32797,1
11696,32798,1
11697,32799,1
11698,32800,1
11699,32801,1
11700,32802,1
11701,32803,1
11702,32804,1
11703,32805,1
11704,32806,1
11705,32807,1
11706,32808,1
11707,32809,1
11708,32810,1
11709,32811,1
11710,32812,1
11711,32813,1
11712,32814,1
11713,32815,1
11714,32816,1
11715,32817,1
11716,32818,1
11717,32819,1
11718,32820,1
11719,32821,1
11720,32822,1
11721,32823,1
11722,32824,1
11723,32825,1
11724,32826,1
11725,32827,1
11726,32828,1
11727,32829,1
11728,32830,1
11729,32831,1
11730,32832,1
11731,32833,1
11732,32834,1
11733,32835,1
11734,32836,1
11735,32837,1
11736,32838,1
11737,32839,1
11738,32840,1
11739,32841,1
11740,32842,1
11741,32843,1
11742,32844,1
11743,32845,1
11744,32846,1
11745,32847,1
11746,32848,1
11747,32849,1
11748,32850,1
11749,32851,1
11750,32852,1
11751,32853,1
11752,32854,1
11753,32855,1
11754,32856,1
11755,32857,1
11756,32858,1
11757,32859,1
11758,32860,1
11759,32861,1
11760,32862,1
11761,32863,1
11762,32864,1
11763,32865,1
11764,32866,1
11765,32867,1
11766,32868,1
11767,32869,1
11768,32870,1
11769,32871,1
11770,32872,1
11771,32873,1
11772,32874,1
11773,32875,1
11774,32876,1
11775,32877,1
11776,32878,1
11777,32879,1
11778,32880,1
11779,32881,1
11780,32882,1
11781,32883,1
11782,32884,1
11783,32885,1
11784,32886,1
11785,32887,1
11786,32888,1
11787,32889,1
11788,32890,1
11789,32891,1
11790,32892,1
11791,32893,1
11792,32894,1
11793,32895,1
11794,32896,1
11795,32897,1
11796,32898,1
11797,32899,1
11798,32900,1
11799,32901,1
11800,32902,1
11801,32903,1
11802,32904,1
11803,32905,1
11804,32906,1
11805,32907,1
11806,32908,1
11807,32909,1
11808,32910,1
11809,32911,1
11810,32912,1
11811,32913,1
11812,32914,1
11813,32915,1
11814,32916,1
11815,32917,1
11816,32918,1
11817,32919,1
11818,32920,1
11819,32921,1
11820,32922,1
11821,32923,1
11822,32924,1
11823,32925,1
11824,32926,1
11825,32927,1
11826,32928,1
11827,32929,1
11828,32930,1
11829,32931,1
11830,32932,1
11831,32933,1
11832,32934,1
11833,32935,1
11834,32936,1
11835,32937,1
11836,32938,1
11837,32939,1
11838,32940,1
11839,32941,1
11840,32942,1
11841,32943,1
11842,32944,1
11843,32945,1
11844,32946,1
11845,32947,1
11846,32948,1
11847,32949,1
11848,32950,1
11849,32951,1
11850,32952,1
11851,32953,1
11852,32954,1
11853,32955,1
11854,32956,1
11855,32957,1
11856,32958,1
11857,32959,1
11858,32960,1
11859,32961,1
11860,32962,1
11861,32963,1
11862,32964,1
11863,32965,1
11864,32966,1
11865,32967,1
11866,32968,1
11867,32969,1
11868,32970,1
11869,32971,1
11870,32972,1
11871,32973,1
11872,32974,1
11873,32975,1
11874,32976,1
11875,32977,1
11876,32978,1
11877,32979,1
11878,32980,1
11879,32981,1
11880,32982,1
11881,32983,1
11882,32984,1
11883,32985,1
11884,32986,1
11885,32987,1
11886,32988,1
11887,32989,1
11888,32990,1
11889,32991,1
11890,32992,1
11891,32993,1
11892,32994,1
11893,32995,1
11894,32996,1
11895,32997,1
11896,32998,1
11897,32999,1
11898,33000,1
11899,33001,1
11900,33002,1
11901,33003,1
11902,33004,1
11903,33005,1
11904,33006,1
11905,33007,1
11906,33008,1
11907,33009,1
11908,33010,1
11909,33011,1
11910,33012,1
11911,33013,1
11912,33014,1
11913,33015,1
11914,33016,1
11915,33017,1
11916,33018,1
11917,33019,1
11918,33020,1
11919,33021,1
11920,33022,1
11921,33023,1
11922,33024,1
11923,33025,1
11924,33026,1
11925,33027,1
11926,33028,1
11927,33029,1
11928,33030,1
11929,33031,1
11930,33032,1
11931,33033,1
11932,33034,1
11933,33035,1
11934,33036,1
11935,33037,1
11936,33038,1
11937,33039,1
11938,33040,1
11939,33041,1
11940,33042,1
11941,33043,1
11942,33044,1
11943,33045,1
11944,33046,1
11945,33047,1
11946,33048,1
11947,33049,1
11948,33050,1
11949,33051,1
11950,33052,1
11951,33053,1
11952,33054,1
11953,33055,1
11954,33056,1
11955,33057,1
11956,33058,1
11957,33059,1
11958,33060,1
11959,33061,1
11960,33062,1
11961,33063,1
11962,33064,1
11963,33065,1
11964,33066,1
11965,33067,1
11966,33068,1
11967,33069,1
11968,33070,1
11969,33071,1
11970,33072,1
11971,33073,1
11972,33074,1
11973,33075,1
11974,33076,1
11975,33077,1
11976,33078,1
11977,33079,1
11978,33080,1
11979,33081,1
11980,33082,1
11981,33083,1
11982,33084,1
11983,33085,1
11984,33086,1
11985,33087,1
11986,33088,1
11987,33089,1
11988,33090,1
11989,33091,1
11990,33092,1
11991,33093,1
11992,33094,1
11993,33095,1
11994,33096,1
11995,33097,1
11996,33098,1
11997,33099,1
11998,33100,1
11999,33101,1
12000,33102,1
12001,33103,1
12002,33104,1
12003,33105,1
12004,33106,1
12005,33107,1
12006,33108,1
12007,33109,1
12008,33110,1
12009,33111,1
12010,33112,1
12011,33113,1
12012,33114,1
12013,33115,1
12014,33116,1
12015,33117,1
12016,33118,1
12017,33119,1
12018,33120,1
12019,33121,1
12020,33122,1
12021,33123,1
12022,33124,1
12023,33125,1
12024,33126,1
12025,33127,1
12026,33128,1
12027,33129,1
12028,33130,1
12029,33131,1
12030,33132,1
12031,33133,1
12032,33134,1
12033,33135,1
12034,33136,1
12035,33137,1
12036,33138,1
12037,33139,1
12038,33140,1
12039,33141,1
12040,33142,1
12041,33143,1
12042,33144,1
12043,33145,1
12044,33146,1
12045,33147,1
12046,33148,1
12047,33149,1
12048,33150,1
12049,33151,1
12050,33152,1
12051,33153,1
12052,33154,1
12053,33155,1
12054,33156,1
12055,33157,1
12056,33158,1
12057,33159,1
12058,33160,1
12059,33161,1
12060,33162,1
12061,33163,1
12062,33164,1
12063,33165,1
12064,33166,1
12065,33167,1
12066,33168,1
12067,33169,1
12068,33170,1
12069,33171,1
12070,33172,1
12071,33173,1
12072,33174,1
12073,33175,1
12074,33176,1
12075,33177,1
12076,33178,1
12077,33179,1
12078,33180,1
12079,33181,1
12080,33182,1
12081,33183,1
12082,33184,1
12083,33185,1
12084,33186,1
12085,33187,1
12086,33188,1
12087,33189,1
12088,33190,1
12089,33191,1
12090,33192,1
12091,33193,1
12092,33194,1
12093,33195,1
12094,33196,1
12095,33197,1
12096,33198,1
12097,33199,1
12098,33200,1
12099,33201,1
12100,33202,1
12101,33203,1
12102,33204,1
12103,33205,1
12104,33206,1
12105,33207,1
12106,33208,1
12107,33209,1
12108,33210,1
12109,33211,1
12110,33212,1
12111,33213,1
12112,33214,1
12113,33215,1
12114,33216,1
12115,33217,1
12116,33218,1
12117,33219,1
12118,33220,1
12119,33221,1
12120,33222,1
12121,33223,1
12122,33224,1
12123,33225,1
12124,33226,1
12125,33227,1
12126,33228,1
12127,33229,1
12128,33230,1
12129,33231,1
12130,33232,1
12131,33233,1
12132,33234,1
12133,33235,1
12134,33236,1
12135,33237,1
12136,33238,1
12137,33239,1
12138,33240,1
12139,33241,1
12140,33242,1
12141,33243,1
12142,33244,1
12143,33245,1
12144,33246,1
12145,33247,1
12146,33248,1
12147,33249,1
12148,33250,1
12149,33251,1
12150,33252,1
12151,33253,1
12152,33254,1
12153,33255,1
12154,33256,1
12155,33257,1
12156,33258,1
12157,33259,1
12158,33260,1
12159,33261,1
12160,33262,1
12161,33263,1
12162,33264,1
12163,33265,1
12164,33266,1
12165,33267,1
12166,33268,1
12167,33269,1
12168,33270,1
12169,33271,1
12170,33272,1
12171,33273,1
12172,33274,1
12173,33275,1
12174,33276,1
12175,33277,1
12176,33278,1
12177,33279,1
12178,33280,1
12179,33281,1
12180,33282,1
12181,33283,1
12182,33284,1
12183,33285,1
12184,33286,1
12185,33287,1
12186,33288,1
12187,33289,1
12188,33290,1
12189,33291,1
12190,33292,1
12191,33293,1
12192,33294,1
12193,33295,1
12194,33296,1
12195,33297,1
12196,33298,1
12197,33299,1
12198,33300,1
12199,33301,1
12200,33302,1
12201,33303,1
12202,33304,1
12203,33305,1
12204,33306,1
12205,33307,1
12206,33308,1
12207,33309,1
12208,33310,1
12209,33311,1
12210,33312,1
12211,33313,1
12212,33314,1
12213,33315,1
12214,33316,1
12215,33317,1
12216,33318,1
12217,33319,1
12218,33320,1
12219,33321,1
12220,33322,1
12221,33323,1
12222,33324,1
12223,33325,1
12224,33326,1
12225,33327,1
12226,33328,1
12227,33329,1
12228,33330,1
12229,33331,1
12230,33332,1
12231,33333,1
12232,33334,1
12233,33335,1
12234,33336,1
12235,33337,1
12236,33338,1
12237,33339,1
12238,33340,1
12239,33341,1
12240,33342,1
12241,33343,1
12242,33344,1
12243,33345,1
12244,33346,1
12245,33347,1
12246,33348,1
12247,33349,1
12248,33350,1
12249,33351,1
12250,33352,1
12251,33353,1
12252,33354,1
12253,33355,1
12254,33356,1
12255,33357,1
12256,33358,1
12257,33359,1
12258,33360,1
12259,33361,1
12260,33362,1
12261,33363,1
12262,33364,1
12263,33365,1
12264,33366,1
12265,33367,1
12266,33368,1
12267,33369,1
12268,33370,1
12269,33371,1
12270,33372,1
12271,33373,1
12272,33374,1
12273,33375,1
12274,33376,1
12275,33377,1
12276,33378,1
12277,33379,1
12278,33380,1
12279,33381,1
12280,33382,1
12281,33383,1
12282,33384,1
12283,33385,1
12284,33386,1
12285,33387,1
12286,33388,1
12287,33389,1
12288,33390,1
12289,33391,1
12290,33392,1
12291,33393,1
12292,33394,1
12293,33395,1
12294,33396,1
12295,33397,1
12296,33398,1
12297,33399,1
12298,33400,1
12299,33401,1
12300,33402,1
12301,33403,1
12302,33404,1
12303,33405,1
12304,33406,1
12305,33407,1
12306,33408,1
12307,33409,1
12308,33410,1
12309,33411,1
12310,33412,1
12311,33413,1
12312,33414,1
12313,33415,1
12314,33416,1
12315,33417,1
12316,33418,1
12317,33419,1
12318,33420,1
12319,33421,1
12320,33422,1
12321,33423,1
12322,33424,1
12323,33425,1
12324,33426,1
12325,33427,1
12326,33428,1
12327,33429,1
12328,33430,1
12329,33431,1
12330,33432,1
12331,33433,1
12332,33434,1
12333,33435,1
12334,33436,1
12335,33437,1
12336,33438,1
12337,33439,1
12338,33440,1
12339,33441,1
12340,33442,1
12341,33443,1
12342,33444,1
12343,33445,1
12344,33446,1
12345,33447,1
12346,33448,1
12347,33449,1
12348,33450,1
12349,33451,1
12350,33452,1
12351,33453,1
12352,33454,1
12353,33455,1
12354,33456,1
12355,33457,1
12356,33458,1
12357,33459,1
12358,33460,1
12359,33461,1
12360,33462,1
12361,33463,1
12362,33464,1
12363,33465,1
12364,33466,1
12365,33467,1
12366,33468,1
12367,33469,1
12368,33470,1
12369,33471,1
12370,33472,1
12371,33473,1
12372,33474,1
12373,33475,1
12374,33476,1
12375,33477,1
12376,33478,1
12377,33479,1
12378,33480,1
12379,33481,1
12380,33482,1
12381,33483,1
12382,33484,1
12383,33485,1
12384,33486,1
12385,33487,1
12386,33488,1
12387,33489,1
12388,33490,1
12389,33491,1
12390,33492,1
12391,33493,1
12392,33494,1
12393,33495,1
12394,33496,1
12395,33497,1
12396,33498,1
12397,33499,1
12398,33500,1
12399,33501,1
12400,33502,1
12401,33503,1
12402,33504,1
12403,33505,1
12404,33506,1
12405,33507,1
12406,33508,1
12407,33509,1
12408,33510,1
12409,33511,1
12410,33512,1
12411,33513,1
12412,33514,1
12413,33515,1
12414,33516,1
12415,33517,1
12416,33518,1
12417,33519,1
12418,33520,1
12419,33521,1
12420,33522,1
12421,33523,1
12422,33524,1
12423,33525,1
12424,33526,1
12425,33527,1
12426,33528,1
12427,33529,1
12428,33530,1
12429,33531,1
12430,33532,1
12431,33533,1
12432,33534,1
12433,33535,1
12434,33536,1
12435,33537,1
12436,33538,1
12437,33539,1
12438,33540,1
12439,33541,1
12440,33542,1
12441,33543,1
12442,33544,1
12443,33545,1
12444,33546,1
12445,33547,1
12446,33548,1
12447,33549,1
12448,33550,1
12449,33551,1
12450,33552,1
12451,33553,1
12452,33554,1
12453,33555,1
12454,33556,1
12455,33557,1
12456,33558,1
12457,33559,1
12458,33560,1
12459,33561,1
12460,33562,1
12461,33563,1
12462,33564,1
12463,33565,1
12464,33566,1
12465,33567,1
12466,33568,1
12467,33569,1
12468,33570,1
12469,33571,1
12470,33572,1
12471,33573,1
12472,33574,1
12473,33575,1
12474,33576,1
12475,33577,1
12476,33578,1
12477,33579,1
12478,33580,1
12479,33581,1
12480,33582,1
12481,33583,1
12482,33584,1
12483,33585,1
12484,33586,1
12485,33587,1
12486,33588,1
12487,33589,1
12488,33590,1
12489,33591,1
12490,33592,1
12491,33593,1
12492,33594,1
12493,33595,1
12494,33596,1
12495,33597,1
12496,33598,1
12497,33599,1
12498,33600,1
12499,33601,1
12500,33602,1
12501,33603,1
12502,33604,1
12503,33605,1
12504,33606,1
12505,33607,1
12506,33608,1
12507,33609,1
12508,33610,1
12509,33611,1
12510,33612,1
12511,33613,1
12512,33614,1
12513,33615,1
12514,33616,1
12515,33617,1
12516,33618,1
12517,33619,1
12518,33620,1
12519,33621,1
12520,33622,1
12521,33623,1
12522,33624,1
12523,33625,1
12524,33626,1
12525,33627,1
12526,33628,1
12527,33629,1
12528,33630,1
12529,33631,1
12530,33632,1
12531,33633,1
12532,33634,1
12533,33635,1
12534,33636,1
12535,33637,1
12536,33638,1
12537,33639,1
12538,33640,1
12539,33641,1
12540,33642,1
12541,33643,1
12542,33644,1
12543,33645,1
12544,33646,1
12545,33647,1
12546,33648,1
12547,33649,1
12548,33650,1
12549,33651,1
12550,33652,1
12551,33653,1
12552,33654,1
12553,33655,1
12554,33656,1
12555,33657,1
12556,33658,1
12557,33659,1
12558,33660,1
12559,33661,1
12560,33662,1
12561,33663,1
12562,33664,1
12563,33665,1
12564,33666,1
12565,33667,1
12566,33668,1
12567,33669,1
12568,33670,1
12569,33671,1
12570,33672,1
12571,33673,1
12572,33674,1
12573,33675,1
12574,33676,1
12575,33677,1
12576,33678,1
12577,33679,1
12578,33680,1
12579,33681,1
12580,33682,1
12581,33683,1
12582,33684,1
12583,33685,1
12584,33686,1
12585,33687,1
12586,33688,1
12587,33689,1
12588,33690,1
12589,33691,1
12590,33692,1
12591,33693,1
12592,33694,1
12593,33695,1
12594,33696,1
12595,33697,1
12596,33698,1
12597,33699,1
12598,33700,1
12599,33701,1
12600,33702,1
12601,33703,1
12602,33704,1
12603,33705,1
12604,33706,1
12605,33707,1
12606,33708,1
12607,33709,1
12608,33710,1
12609,33711,1
12610,33712,1
12611,33713,1
12612,33714,1
12613,33715,1
12614,33716,1
12615,33717,1
12616,33718,1
12617,33719,1
12618,33720,1
12619,33721,1
12620,33722,1
12621,33723,1
12622,33724,1
12623,33725,1
12624,33726,1
12625,33727,1
12626,33728,1
12627,33729,1
12628,33730,1
12629,33731,1
12630,33732,1
12631,33733,1
12632,33734,1
12633,33735,1
12634,33736,1
12635,33737,1
12636,33738,1
12637,33739,1
12638,33740,1
12639,33741,1
12640,33742,1
12641,33743,1
12642,33744,1
12643,33745,1
12644,33746,1
12645,33747,1
12646,33748,1
12647,33749,1
12648,33750,1
12649,33751,1
12650,33752,1
12651,33753,1
12652,33754,1
12653,33755,1
12654,33756,1
12655,33757,1
12656,33758,1
12657,33759,1
12658,33760,1
12659,33761,1
12660,33762,1
12661,33763,1
12662,33764,1
12663,33765,1
12664,33766,1
12665,33767,1
12666,33768,1
12667,33769,1
12668,33770,1
12669,33771,1
12670,33772,1
12671,33773,1
12672,33774,1
12673,33775,1
12674,33776,1
12675,33777,1
12676,33778,1
12677,33779,1
12678,33780,1
12679,33781,1
12680,33782,1
12681,33783,1
12682,33784,1
12683,33785,1
12684,33786,1
12685,33787,1
12686,33788,1
12687,33789,1
12688,33790,1
12689,33791,1
12690,33792,1
12691,33793,1
12692,33794,1
12693,33795,1
12694,33796,1
12695,33797,1
12696,33798,1
12697,33799,1
12698,33800,1
12699,33801,1
12700,33802,1
12701,33803,1
12702,33804,1
12703,33805,1
12704,33806,1
12705,33807,1
12706,33808,1
12707,33809,1
12708,33810,1
12709,33811,1
12710,33812,1
12711,33813,1
12712,33814,1
12713,33815,1
12714,33816,1
12715,33817,1
12716,33818,1
12717,33819,1
12718,33820,1
12719,33821,1
12720,33822,1
12721,33823,1
12722,33824,1
12723,33825,1
12724,33826,1
12725,33827,1
12726,33828,1
12727,33829,1
12728,33830,1
12729,33831,1
12730,33832,1
12731,33833,1
12732,33834,1
12733,33835,1
12734,33836,1
12735,33837,1
12736,33838,1
12737,33839,1
12738,33840,1
12739,33841,1
12740,33842,1
12741,33843,1
12742,33844,1
12743,33845,1
12744,33846,1
12745,33847,1
12746,33848,1
12747,33849,1
12748,33850,1
12749,33851,1
12750,33852,1
12751,33853,1
12752,33854,1
12753,33855,1
12754,33856,1
12755,33857,1
12756,33858,1
12757,33859,1
12758,33860,1
12759,33861,1
12760,33862,1
12761,33863,1
12762,33864,1
12763,33865,1
12764,33866,1
12765,33867,1
12766,33868,1
12767,33869,1
12768,33870,1
12769,33871,1
12770,33872,1
12771,33873,1
12772,33874,1
12773,33875,1
12774,33876,1
12775,33877,1
12776,33878,1
12777,33879,1
12778,33880,1
12779,33881,1
12780,33882,1
12781,33883,1
12782,33884,1
12783,33885,1
12784,33886,1
12785,33887,1
12786,33888,1
12787,33889,1
12788,33890,1
12789,33891,1
12790,33892,1
12791,33893,1
12792,33894,1
12793,33895,1
12794,33896,1
12795,33897,1
12796,33898,1
12797,33899,1
12798,33900,1
12799,33901,1
12800,33902,1
12801,33903,1
12802,33904,1
12803,33905,1
12804,33906,1
12805,33907,1
12806,33908,1
12807,33909,1
12808,33910,1
12809,33911,1
12810,33912,1
12811,33913,1
12812,33914,1
12813,33915,1
12814,33916,1
12815,33917,1
12816,33918,1
12817,33919,1
12818,33920,1
12819,33921,1
12820,33922,1
12821,33923,1
12822,33924,1
12823,33925,1
12824,33926,1
12825,33927,1
12826,33928,1
12827,33929,1
12828,33930,1
12829,33931,1
12830,33932,1
12831,33933,1
12832,33934,1
12833,33935,1
12834,33936,1
12835,33937,1
12836,33938,1
12837,33939,1
12838,33940,1
12839,33941,1
12840,33942,1
12841,33943,1
12842,33944,1
12843,33945,1
12844,33946,1
12845,33947,1
12846,33948,1
12847,33949,1
12848,33950,1
12849,33951,1
12850,33952,1
12851,33953,1
12852,33954,1
12853,33955,1
12854,33956,1
12855,33957,1
12856,33958,1
12857,33959,1
12858,33960,1
12859,33961,1
12860,33962,1
12861,33963,1
12862,33964,1
12863,33965,1
12864,33966,1
12865,33967,1
12866,33968,1
12867,33969,1
12868,33970,1
12869,33971,1
12870,33972,1
12871,33973,1
12872,33974,1
12873,33975,1
12874,33976,1
12875,33977,1
12876,33978,1
12877,33979,1
12878,33980,1
12879,33981,1
12880,33982,1
12881,33983,1
12882,33984,1
12883,33985,1
12884,33986,1
12885,33987,1
12886,33988,1
12887,33989,1
12888,33990,1
12889,33991,1
12890,33992,1
12891,33993,1
12892,33994,1
12893,33995,1
12894,33996,1
12895,33997,1
12896,33998,1
12897,33999,1
12898,34000,1
12899,34001,1
12900,34002,1
12901,34003,1
12902,34004,1
12903,34005,1
12904,34006,1
12905,34007,1
12906,34008,1
12907,34009,1
12908,34010,1
12909,34011,1
12910,34012,1
12911,34013,1
12912,34014,1
12913,34015,1
12914,34016,1
12915,34017,1
12916,34018,1
12917,34019,1
12918,34020,1
12919,34021,1
12920,34022,1
12921,34023,1
12922,34024,1
12923,34025,1
12924,34026,1
12925,34027,1
12926,34028,1
12927,34029,1
12928,34030,1
12929,34031,1
12930,34032,1
12931,34033,1
12932,34034,1
12933,34035,1
12934,34036,1
12935,34037,1
12936,34038,1
12937,34039,1
12938,34040,1
12939,34041,1
12940,34042,1
12941,34043,1
12942,34044,1
12943,34045,1
12944,34046,1
12945,34047,1
12946,34048,1
12947,34049,1
12948,34050,1
12949,34051,1
12950,34052,1
12951,34053,1
12952,34054,1
12953,34055,1
12954,34056,1
12955,34057,1
12956,34058,1
12957,34059,1
12958,34060,1
12959,34061,1
12960,34062,1
12961,34063,1
12962,34064,1
12963,34065,1
12964,34066,1
12965,34067,1
12966,34068,1
12967,34069,1
12968,34070,1
12969,34071,1
12970,34072,1
12971,34073,1
12972,34074,1
12973,34075,1
12974,34076,1
12975,34077,1
12976,34078,1
12977,34079,1
12978,34080,1
12979,34081,1
12980,34082,1
12981,34083,1
12982,34084,1
12983,34085,1
12984,34086,1
12985,34087,1
12986,34088,1
12987,34089,1
12988,34090,1
12989,34091,1
12990,34092,1
12991,34093,1
12992,34094,1
12993,34095,1
12994,34096,1
12995,34097,1
12996,34098,1
12997,34099,1
12998,34100,1
12999,34101,1
13000,34102,1
13001,34103,1
13002,34104,1
13003,34105,1
13004,34106,1
13005,34107,1
13006,34108,1
13007,34109,1
13008,34110,1
13009,34111,1
13010,34112,1
13011,34113,1
13012,34114,1
13013,34115,1
13014,34116,1
13015,34117,1
13016,34118,1
13017,34119,1
13018,34120,1
13019,34121,1
13020,34122,1
13021,34123,1
13022,34124,1
13023,34125,1
13024,34126,1
13025,34127,1
13026,34128,1
13027,34129,1
13028,34130,1
13029,34131,1
13030,34132,1
13031,34133,1
13032,34134,1
13033,34135,1
13034,34136,1
13035,34137,1
13036,34138,1
13037,34139,1
13038,34140,1
13039,34141,1
13040,34142,1
13041,34143,1
13042,34144,1
13043,34145,1
13044,34146,1
13045,34147,1
13046,34148,1
13047,34149,1
13048,34150,1
13049,34151,1
13050,34152,1
13051,34153,1
13052,34154,1
13053,34155,1
13054,34156,1
13055,34157,1
13056,34158,1
13057,34159,1
13058,34160,1
13059,34161,1
13060,34162,1
13061,34163,1
13062,34164,1
13063,34165,1
13064,34166,1
13065,34167,1
13066,34168,1
13067,34169,1
13068,34170,1
13069,34171,1
13070,34172,1
13071,34173,1
13072,34174,1
13073,34175,1
13074,34176,1
13075,34177,1
13076,34178,1
13077,34179,1
13078,34180,1
13079,34181,1
13080,34182,1
13081,34183,1
13082,34184,1
13083,34185,1
13084,34186,1
13085,34187,1
13086,34188,1
13087,34189,1
13088,34190,1
13089,34191,1
13090,34192,1
13091,34193,1
13092,34194,1
13093,34195,1
13094,34196,1
