2638,46065,1
2639,46066,1
2640,46067,1
2641,46068,1
2642,46069,1
2643,46070,1
2644,46071,1
2645,46072,1
2646,46073,1
2647,46074,1
2648,46075,1
2649,46076,1
2650,46077,1
2651,46078,1
2652,46079,1
2653,46080,1
2654,46081,1
2655,46082,1
2656,46083,1
2657,46084,1
2658,46085,1
2659,46086,1
2660,46087,1
2661,46088,1
2662,46089,1
2663,46090,1
2664,46091,1
2665,46092,1
2666,46093,1
2667,46094,1
2668,46095,1
2669,46096,1
2670,46097,1
2671,46098,1
2672,46099,1
2673,46100,1
2674,46101,1
2675,46102,1
2676,46103,1
2677,46104,1
2678,46105,1
2679,46106,1
2680,46107,1
2681,46108,1
2682,46109,1
2683,46110,1
2684,46111,1
2685,46112,1
2686,46113,1
2687,46114,1
2688,46115,1
2689,46116,1
2861,46117,1
2862,46118,1
2863,46119,1
2864,46120,1
2865,46121,1
2866,46122,1
2867,46123,1
2868,46124,1
2869,46125,1
2870,46126,1
2871,46127,1
2872,46128,1
2873,46129,1
2874,46130,1
2875,46131,1
2876,46132,1
2877,46133,1
2878,46134,1
2879,46135,1
2880,46136,1
2881,46137,1
2882,46138,1
2883,46139,1
2884,46140,1
2885,46141,1
2886,46142,1
2887,46143,1
2888,46144,1
2889,46145,1
2890,46146,1
2891,46147,1
2892,46148,1
2893,46149,1
2894,46150,1
2895,46151,1
2896,46152,1
2897,46153,1
2898,46154,1
2899,46155,1
2900,46156,1
2901,46157,1
2902,46158,1
2903,46159,1
2904,46160,1
2905,46161,1
2906,46162,1
2907,46163,1
2908,46164,1
2909,46165,1
2910,46166,1
2911,46167,1
2912,46168,1
2913,46169,1
2914,46170,1
2915,46171,1
2916,46172,1
2917,46173,1
2918,46174,1
2919,46175,1
2920,46176,1
2921,46177,1
2922,46178,1
2923,46179,1
2924,46180,1
2925,46181,1
2926,46182,1
2927,46183,1
2928,46184,1
2929,46185,1
2930,46186,1
2931,46187,1
2932,46188,1
2933,46189,1
2934,46190,1
2935,46191,1
2936,46192,1
2937,46193,1
2938,46194,1
2939,46195,1
2940,46196,1
2941,46197,1
2942,46198,1
2943,46199,1
2944,46200,1
2945,46201,1
2946,46202,1
2947,46203,1
2948,46204,1
2949,46205,1
2950,46206,1
2951,46207,1
2952,46208,1
2953,46209,1
2954,46210,1
2955,46211,1
2956,46212,1
2957,46213,1
2958,46214,1
2959,46215,1
2960,46216,1
2961,46217,1
2962,46218,1
2963,46219,1
2964,46220,1
2965,46221,1
2966,46222,1
2967,46223,1
2968,46224,1
2969,46225,1
2970,46226,1
2971,46227,1
2972,46228,1
2973,46229,1
2974,46230,1
2975,46231,1
2976,46232,1
2977,46233,1
2978,46234,1
2979,46235,1
2980,46236,1
2981,46237,1
2982,46238,1
2983,46239,1
2984,46240,1
2985,46241,1
2986,46242,1
2987,46243,1
2988,46244,1
2989,46245,1
2990,46246,1
2991,46247,1
2992,46248,1
2993,46249,1
2994,46250,1
2995,46251,1
2996,46252,1
2997,46253,1
2998,46254,1
2999,46255,1
3000,46256,1
3001,46257,1
3002,46258,1
3003,46259,1
3004,46260,1
3005,46261,1
3006,46262,1
3007,46263,1
3705,46264,1
3706,46265,1
3707,46266,1
3708,46267,1
3709,46268,1
3710,46269,1
3711,46270,1
3712,46271,1
3713,46272,1
3714,46273,1
3715,46274,1
3716,46275,1
3717,46276,1
3718,46277,1
3719,46278,1
3720,46279,1
3721,46280,1
3722,46281,1
3723,46282,1
3724,46283,1
3725,46284,1
3726,46285,1
3727,46286,1
3728,46287,1
3729,46288,1
3730,46289,1
3731,46290,1
3732,46291,1
3733,46292,1
3734,46293,1
3735,46294,1
3736,46295,1
3737,46296,1
3738,46297,1
3739,46298,1
3740,46299,1
3741,46300,1
3742,46301,1
3743,46302,1
3744,46303,1
3745,46304,1
3746,46305,1
3747,46306,1
3748,46307,1
3749,46308,1
3750,46309,1
3751,46310,1
3752,46311,1
3753,46312,1
3754,46313,1
3755,46314,1
3756,46315,1
3757,46316,1
3758,46317,1
3759,46318,1
3760,46319,1
3761,46320,1
3762,46321,1
3763,46322,1
3764,46323,1
3765,46324,1
3766,46325,1
3767,46326,1
3768,46327,1
3769,46328,1
3770,46329,1
3771,46330,1
3772,46331,1
3773,46332,1
3774,46333,1
3775,46334,1
3776,46335,1
3777,46336,1
3778,46337,1
3779,46338,1
3780,46339,1
3781,46340,1
3782,46341,1
3783,46342,1
3784,46343,1
3785,46344,1
3786,46345,1
3787,46346,1
3788,46347,1
3789,46348,1
3790,46349,1
3791,46350,1
3792,46351,1
3793,46352,1
3794,46353,1
3795,46354,1
3796,46355,1
3797,46356,1
3798,46357,1
3799,46358,1
3800,46359,1
3801,46360,1
3802,46361,1
3803,46362,1
3804,46363,1
3805,46364,1
3806,46365,1
3807,46366,1
3808,46367,1
3809,46368,1
3810,46369,1
3811,46370,1
3812,46371,1
3813,46372,1
3814,46373,1
3815,46374,1
3816,46375,1
3817,46376,1
3818,46377,1
3819,46378,1
3820,46379,1
3821,46380,1
3822,46381,1
3823,46382,1
3824,46383,1
3825,46384,1
3826,46385,1
3827,46386,1
3828,46387,1
3829,46388,1
3830,46389,1
3831,46390,1
3832,46391,1
3833,46392,1
3834,46393,1
3835,46394,1
3836,46395,1
3837,46396,1
3838,46397,1
3839,46398,1
3840,46399,1
3841,46400,1
3842,46401,1
3843,46402,1
3844,46403,1
3845,46404,1
3846,46405,1
3847,46406,1
3848,46407,1
3849,46408,1
3850,46409,1
3851,46410,1
3852,46411,1
3853,46412,1
3854,46413,1
3855,46414,1
3856,46415,1
3857,46416,1
3858,46417,1
3859,46418,1
3860,46419,1
3861,46420,1
3862,46421,1
3863,46422,1
3864,46423,1
3865,46424,1
3866,46425,1
3867,46426,1
3868,46427,1
3869,46428,1
3870,46429,1
3871,46430,1
3872,46431,1
3873,46432,1
3874,46433,1
3875,46434,1
3876,46435,1
3877,46436,1
3878,46437,1
3879,46438,1
3880,46439,1
3881,46440,1
3882,46441,1
3883,46442,1
3884,46443,1
3885,46444,1
3886,46445,1
3887,46446,1
3888,46447,1
3889,46448,1
3890,46449,1
3891,46450,1
3892,46451,1
3893,46452,1
3894,46453,1
3895,46454,1
3896,46455,1
3897,46456,1
3898,46457,1
3899,46458,1
3900,46459,1
3901,46460,1
3902,46461,1
3903,46462,1
3904,46463,1
3905,46464,1
3906,46465,1
3907,46466,1
3908,46467,1
3909,46468,1
3910,46469,1
3911,46470,1
3912,46471,1
3913,46472,1
3914,46473,1
3915,46474,1
3916,46475,1
3917,46476,1
3918,46477,1
3919,46478,1
3920,46479,1
3921,46480,1
3922,46481,1
3923,46482,1
3924,46483,1
3925,46484,1
3926,46485,1
3927,46486,1
3928,46487,1
3929,46488,1
3930,46489,1
3931,46490,1
3932,46491,1
3933,46492,1
3934,46493,1
3935,46494,1
3936,46495,1
3937,46496,1
3938,46497,1
3939,46498,1
3940,46499,1
3941,46500,1
3942,46501,1
3943,46502,1
3944,46503,1
3945,46504,1
3946,46505,1
3947,46506,1
3948,46507,1
3949,46508,1
3950,46509,1
3951,46510,1
3952,46511,1
3953,46512,1
3954,46513,1
3955,46514,1
3956,46515,1
3957,46516,1
3958,46517,1
3959,46518,1
3960,46519,1
3961,46520,1
3962,46521,1
3963,46522,1
3964,46523,1
3965,46524,1
3966,46525,1
3967,46526,1
3968,46527,1
3969,46528,1
3970,46529,1
3971,46530,1
3972,46531,1
3973,46532,1
3974,46533,1
3975,46534,1
3976,46535,1
3977,46536,1
3978,46537,1
3979,46538,1
3980,46539,1
3981,46540,1
3982,46541,1
3983,46542,1
3984,46543,1
3985,46544,1
3986,46545,1
3987,46546,1
3988,46547,1
3989,46548,1
3990,46549,1
3991,46550,1
3992,46551,1
3993,46552,1
3994,46553,1
3995,46554,1
3996,46555,1
3997,46556,1
3998,46557,1
3999,46558,1
4000,46559,1
4001,46560,1
4002,46561,1
4003,46562,1
4004,46563,1
4005,46564,1
4006,46565,1
4007,46566,1
4008,46567,1
4009,46568,1
4010,46569,1
4011,46570,1
4012,46571,1
4013,46572,1
4014,46573,1
4015,46574,1
4016,46575,1
4017,46576,1
4018,46577,1
4019,46578,1
4020,46579,1
4021,46580,1
4022,46581,1
4023,46582,1
4024,46583,1
4025,46584,1
4026,46585,1
4027,46586,1
4028,46587,1
4029,46588,1
4030,46589,1
4031,46590,1
4032,46591,1
4033,46592,1
4034,46593,1
4035,46594,1
4036,46595,1
4037,46596,1
4038,46597,1
4039,46598,1
4040,46599,1
4041,46600,1
4042,46601,1
4043,46602,1
4044,46603,1
4045,46604,1
4046,46605,1
4047,46606,1
4048,46607,1
4049,46608,1
4050,46609,1
4051,46610,1
4052,46611,1
4053,46612,1
4054,46613,1
4055,46614,1
4056,46615,1
4057,46616,1
4058,46617,1
4059,46618,1
4060,46619,1
4061,46620,1
4062,46621,1
4063,46622,1
4064,46623,1
4065,46624,1
4066,46625,1
4067,46626,1
4068,46627,1
4069,46628,1
4070,46629,1
4071,46630,1
4072,46631,1
4073,46632,1
4074,46633,1
4075,46634,1
4076,46635,1
4077,46636,1
4078,46637,1
4079,46638,1
4080,46639,1
4081,46640,1
4082,46641,1
4304,46642,1
4305,46643,1
4306,46644,1
4307,46645,1
4308,46646,1
4309,46647,1
4310,46648,1
4311,46649,1
4312,46650,1
4313,46651,1
4314,46652,1
4315,46653,1
4316,46654,1
4317,46655,1
4318,46656,1
4319,46657,1
4320,46658,1
4321,46659,1
4322,46660,1
4323,46661,1
4324,46662,1
4325,46663,1
4326,46664,1
4327,46665,1
4328,46666,1
4329,46667,1
4330,46668,1
4331,46669,1
4332,46670,1
4333,46671,1
4334,46672,1
4335,46673,1
4336,46674,1
4337,46675,1
4338,46676,1
4339,46677,1
4340,46678,1
4341,46679,1
4342,46680,1
4343,46681,1
4344,46682,1
4345,46683,1
4346,46684,1
4347,46685,1
4348,46686,1
4349,46687,1
4350,46688,1
4351,46689,1
4352,46690,1
4353,46691,1
4354,46692,1
4355,46693,1
4356,46694,1
4357,46695,1
4358,46696,1
4359,46697,1
4360,46698,1
4361,46699,1
4362,46700,1
4363,46701,1
4364,46702,1
4365,46703,1
4366,46704,1
4367,46705,1
4368,46706,1
4369,46707,1
4370,46708,1
4371,46709,1
4372,46710,1
4373,46711,1
4374,46712,1
4375,46713,1
4376,46714,1
4377,46715,1
4378,46716,1
4379,46717,1
4380,46718,1
4381,46719,1
4382,46720,1
4383,46721,1
4384,46722,1
4385,46723,1
4386,46724,1
4387,46725,1
4388,46726,1
4389,46727,1
4390,46728,1
4391,46729,1
4392,46730,1
4393,46731,1
4394,46732,1
4395,46733,1
4396,46734,1
4397,46735,1
4398,46736,1
4399,46737,1
4400,46738,1
4401,46739,1
4402,46740,1
4403,46741,1
4404,46742,1
4405,46743,1
4406,46744,1
4407,46745,1
4408,46746,1
4409,46747,1
4410,46748,1
4411,46749,1
4412,46750,1
4413,46751,1
4414,46752,1
4415,46753,1
4416,46754,1
4417,46755,1
4418,46756,1
4419,46757,1
4420,46758,1
4421,46759,1
4422,46760,1
4423,46761,1
4424,46762,1
4425,46763,1
4426,46764,1
4427,46765,1
4428,46766,1
4429,46767,1
4430,46768,1
4431,46769,1
4432,46770,1
4433,46771,1
4434,46772,1
4435,46773,1
4436,46774,1
4437,46775,1
4438,46776,1
4439,46777,1
4440,46778,1
4441,46779,1
4442,46780,1
4443,46781,1
4444,46782,1
4445,46783,1
4446,46784,1
4447,46785,1
4448,46786,1
4449,46787,1
4450,46788,1
4451,46789,1
4452,46790,1
4453,46791,1
4454,46792,1
4455,46793,1
4456,46794,1
4457,46795,1
4458,46796,1
4459,46797,1
4460,46798,1
4461,46799,1
4462,46800,1
4463,46801,1
4464,46802,1
4465,46803,1
4466,46804,1
4467,46805,1
4468,46806,1
4469,46807,1
4470,46808,1
4471,46809,1
4472,46810,1
4473,46811,1
4474,46812,1
4475,46813,1
4476,46814,1
4477,46815,1
4478,46816,1
4479,46817,1
4480,46818,1
4481,46819,1
4482,46820,1
4483,46821,1
4484,46822,1
4485,46823,1
4486,46824,1
4487,46825,1
4488,46826,1
4489,46827,1
4490,46828,1
4491,46829,1
4492,46830,1
4493,46831,1
4494,46832,1
4495,46833,1
4496,46834,1
4497,46835,1
4498,46836,1
4499,46837,1
4500,46838,1
4501,46839,1
4502,46840,1
4503,46841,1
4504,46842,1
4505,46843,1
4506,46844,1
4507,46845,1
9042,46846,1
9043,46847,1
9044,46848,1
9045,46849,1
9046,46850,1
9047,46851,1
9048,46852,1
9049,46853,1
9050,46854,1
9051,46855,1
9052,46856,1
9053,46857,1
9054,46858,1
9055,46859,1
9056,46860,1
9057,46861,1
9058,46862,1
9059,46863,1
9060,46864,1
9061,46865,1
9062,46866,1
9063,46867,1
9064,46868,1
9065,46869,1
9066,46870,1
9067,46871,1
9068,46872,1
9069,46873,1
9070,46874,1
9071,46875,1
9072,46876,1
9073,46877,1
9074,46878,1
9075,46879,1
9076,46880,1
9077,46881,1
9078,46882,1
9079,46883,1
9080,46884,1
9081,46885,1
9082,46886,1
9083,46887,1
9084,46888,1
9085,46889,1
9086,46890,1
9087,46891,1
9088,46892,1
9089,46893,1
9090,46894,1
9091,46895,1
9092,46896,1
9093,46897,1
9094,46898,1
9095,46899,1
9096,46900,1
9097,46901,1
9098,46902,1
9099,46903,1
9100,46904,1
9101,46905,1
9102,46906,1
9103,46907,1
9104,46908,1
9105,46909,1
9106,46910,1
9107,46911,1
9108,46912,1
9109,46913,1
9110,46914,1
9111,46915,1
9112,46916,1
9113,46917,1
9114,46918,1
9115,46919,1
9116,46920,1
9117,46921,1
9118,46922,1
9119,46923,1
9120,46924,1
9121,46925,1
9122,46926,1
9123,46927,1
9124,46928,1
9125,46929,1
9126,46930,1
9127,46931,1
9128,46932,1
9129,46933,1
9130,46934,1
9131,46935,1
9132,46936,1
9133,46937,1
9134,46938,1
9135,46939,1
9136,46940,1
9137,46941,1
9138,46942,1
9139,46943,1
9140,46944,1
9141,46945,1
9142,46946,1
9143,46947,1
9144,46948,1
9145,46949,1
9146,46950,1
9147,46951,1
9148,46952,1
9149,46953,1
9150,46954,1
9151,46955,1
9152,46956,1
9153,46957,1
9154,46958,1
9155,46959,1
9156,46960,1
9157,46961,1
9158,46962,1
9159,46963,1
9160,46964,1
9161,46965,1
9162,46966,1
9163,46967,1
9164,46968,1
9165,46969,1
9166,46970,1
9167,46971,1
9168,46972,1
9169,46973,1
9170,46974,1
9171,46975,1
9172,46976,1
9173,46977,1
9174,46978,1
9175,46979,1
9176,46980,1
9177,46981,1
9178,46982,1
9179,46983,1
9180,46984,1
9181,46985,1
9182,46986,1
9183,46987,1
9184,46988,1
9185,46989,1
9186,46990,1
9187,46991,1
9188,46992,1
9189,46993,1
9190,46994,1
9191,46995,1
9192,46996,1
9193,46997,1
9194,46998,1
9195,46999,1
9196,47000,1
9197,47001,1
9198,47002,1
9199,47003,1
9200,47004,1
9201,47005,1
9202,47006,1
9203,47007,1
9204,47008,1
9205,47009,1
9206,47010,1
9207,47011,1
9208,47012,1
9209,47013,1
9210,47014,1
9211,47015,1
9212,47016,1
9213,47017,1
9214,47018,1
9215,47019,1
9216,47020,1
9217,47021,1
9218,47022,1
9219,47023,1
9220,47024,1
9221,47025,1
9222,47026,1
9223,47027,1
9224,47028,1
9225,47029,1
9226,47030,1
9227,47031,1
9228,47032,1
9229,47033,1
9230,47034,1
9231,47035,1
9232,47036,1
9233,47037,1
9234,47038,1
9235,47039,1
9236,47040,1
9237,47041,1
9238,47042,1
9239,47043,1
9240,47044,1
9241,47045,1
9242,47046,1
9243,47047,1
9244,47048,1
9245,47049,1
9246,47050,1
9247,47051,1
9248,47052,1
9249,47053,1
9250,47054,1
9251,47055,1
9252,47056,1
9253,47057,1
9254,47058,1
9255,47059,1
9256,47060,1
9257,47061,1
9258,47062,1
9259,47063,1
9260,47064,1
9261,47065,1
9262,47066,1
9263,47067,1
9264,47068,1
9265,47069,1
9266,47070,1
9267,47071,1
9268,47072,1
9269,47073,1
9270,47074,1
9271,47075,1
9272,47076,1
9273,47077,1
9274,47078,1
9275,47079,1
9276,47080,1
9277,47081,1
9278,47082,1
9279,47083,1
9280,47084,1
9281,47085,1
9282,47086,1
9283,47087,1
9284,47088,1
9285,47089,1
9286,47090,1
9287,47091,1
9288,47092,1
9289,47093,1
9290,47094,1
9291,47095,1
9292,47096,1
9293,47097,1
9294,47098,1
9295,47099,1
9296,47100,1
9297,47101,1
9298,47102,1
9299,47103,1
9300,47104,1
9301,47105,1
9302,47106,1
9303,47107,1
9304,47108,1
9305,47109,1
9306,47110,1
9307,47111,1
9308,47112,1
9309,47113,1
9310,47114,1
9311,47115,1
9312,47116,1
9313,47117,1
9314,47118,1
9315,47119,1
9316,47120,1
9317,47121,1
9318,47122,1
9319,47123,1
9320,47124,1
9321,47125,1
9322,47126,1
9323,47127,1
9324,47128,1
9325,47129,1
9326,47130,1
9327,47131,1
9328,47132,1
9329,47133,1
9330,47134,1
9331,47135,1
9332,47136,1
9333,47137,1
9334,47138,1
9335,47139,1
9336,47140,1
9337,47141,1
9338,47142,1
9339,47143,1
9340,47144,1
9341,47145,1
9342,47146,1
9343,47147,1
9344,47148,1
9345,47149,1
9346,47150,1
9347,47151,1
9348,47152,1
9349,47153,1
9350,47154,1
9351,47155,1
9352,47156,1
9353,47157,1
9354,47158,1
9355,47159,1
9356,47160,1
9357,47161,1
9358,47162,1
9359,47163,1
9360,47164,1
9361,47165,1
9362,47166,1
9363,47167,1
9364,47168,1
9365,47169,1
9366,47170,1
9367,47171,1
9368,47172,1
9369,47173,1
9370,47174,1
9371,47175,1
9372,47176,1
9373,47177,1
9374,47178,1
9375,47179,1
9376,47180,1
9377,47181,1
9378,47182,1
9379,47183,1
9380,47184,1
9381,47185,1
9382,47186,1
9383,47187,1
9384,47188,1
9385,47189,1
9386,47190,1
9387,47191,1
9388,47192,1
9389,47193,1
9390,47194,1
9391,47195,1
9392,47196,1
9393,47197,1
9394,47198,1
9395,47199,1
9396,47200,1
9397,47201,1
9398,47202,1
9399,47203,1
9400,47204,1
9401,47205,1
9402,47206,1
9403,47207,1
9404,47208,1
9405,47209,1
9406,47210,1
9407,47211,1
9408,47212,1
9409,47213,1
9410,47214,1
9411,47215,1
9412,47216,1
9413,47217,1
9414,47218,1
9415,47219,1
9416,47220,1
9417,47221,1
9418,47222,1
9419,47223,1
9420,47224,1
9421,47225,1
9422,47226,1
9423,47227,1
9424,47228,1
9425,47229,1
9426,47230,1
9427,47231,1
9428,47232,1
9429,47233,1
9430,47234,1
9431,47235,1
9432,47236,1
9433,47237,1
9434,47238,1
9435,47239,1
9436,47240,1
9437,47241,1
9438,47242,1
9439,47243,1
9440,47244,1
9441,47245,1
9442,47246,1
9443,47247,1
9444,47248,1
9445,47249,1
9446,47250,1
9447,47251,1
9448,47252,1
9449,47253,1
9450,47254,1
9451,47255,1
9452,47256,1
9453,47257,1
9454,47258,1
9455,47259,1
9456,47260,1
9457,47261,1
9458,47262,1
9459,47263,1
9460,47264,1
9461,47265,1
9462,47266,1
9463,47267,1
9464,47268,1
9465,47269,1
9466,47270,1
9467,47271,1
9468,47272,1
9469,47273,1
9470,47274,1
9471,47275,1
9472,47276,1
9473,47277,1
9474,47278,1
9475,47279,1
9476,47280,1
9477,47281,1
9478,47282,1
9479,47283,1
9480,47284,1
9481,47285,1
9482,47286,1
9483,47287,1
9484,47288,1
9485,47289,1
9486,47290,1
9487,47291,1
9488,47292,1
9489,47293,1
9490,47294,1
9491,47295,1
9492,47296,1
9493,47297,1
9494,47298,1
9495,47299,1
9496,47300,1
9497,47301,1
9498,47302,1
9499,47303,1
9500,47304,1
9501,47305,1
9502,47306,1
9503,47307,1
9504,47308,1
9505,47309,1
9506,47310,1
9507,47311,1
9508,47312,1
9509,47313,1
9510,47314,1
9511,47315,1
9512,47316,1
9513,47317,1
9514,47318,1
9515,47319,1
9516,47320,1
9517,47321,1
9518,47322,1
9519,47323,1
9520,47324,1
9521,47325,1
9522,47326,1
9523,47327,1
9524,47328,1
9525,47329,1
9526,47330,1
9527,47331,1
9528,47332,1
9529,47333,1
9530,47334,1
9531,47335,1
9532,47336,1
9533,47337,1
9534,47338,1
9535,47339,1
9536,47340,1
9537,47341,1
9538,47342,1
9539,47343,1
9540,47344,1
9541,47345,1
9542,47346,1
9543,47347,1
9544,47348,1
9545,47349,1
9546,47350,1
9547,47351,1
9548,47352,1
9549,47353,1
9550,47354,1
9551,47355,1
9552,47356,1
9553,47357,1
9554,47358,1
9555,47359,1
9556,47360,1
9557,47361,1
9558,47362,1
9559,47363,1
9560,47364,1
9561,47365,1
9562,47366,1
9563,47367,1
9564,47368,1
9565,47369,1
9566,47370,1
9567,47371,1
9568,47372,1
9569,47373,1
9570,47374,1
9571,47375,1
9572,47376,1
9573,47377,1
9574,47378,1
9575,47379,1
9576,47380,1
9577,47381,1
9578,47382,1
9579,47383,1
9580,47384,1
9581,47385,1
9582,47386,1
9583,47387,1
9584,47388,1
9585,47389,1
9586,47390,1
9587,47391,1
9588,47392,1
9589,47393,1
9590,47394,1
9591,47395,1
9592,47396,1
9593,47397,1
9594,47398,1
9595,47399,1
9596,47400,1
9597,47401,1
9598,47402,1
9599,47403,1
9600,47404,1
9601,47405,1
9602,47406,1
9603,47407,1
9604,47408,1
9605,47409,1
9606,47410,1
9607,47411,1
9608,47412,1
9609,47413,1
9610,47414,1
9611,47415,1
9612,47416,1
9613,47417,1
9614,47418,1
9615,47419,1
9616,47420,1
9617,47421,1
9618,47422,1
9619,47423,1
9620,47424,1
9621,47425,1
9622,47426,1
9623,47427,1
9624,47428,1
9625,47429,1
9626,47430,1
9627,47431,1
9628,47432,1
9629,47433,1
9630,47434,1
9631,47435,1
9632,47436,1
9633,47437,1
9634,47438,1
9635,47439,1
9636,47440,1
9637,47441,1
9638,47442,1
9639,47443,1
9640,47444,1
9641,47445,1
9642,47446,1
9643,47447,1
9644,47448,1
9645,47449,1
9646,47450,1
9647,47451,1
9648,47452,1
9649,47453,1
9650,47454,1
9651,47455,1
9652,47456,1
9653,47457,1
9654,47458,1
9655,47459,1
9656,47460,1
9657,47461,1
9658,47462,1
9659,47463,1
9660,47464,1
9661,47465,1
9662,47466,1
9663,47467,1
9664,47468,1
9665,47469,1
9666,47470,1
9667,47471,1
9668,47472,1
9669,47473,1
9670,47474,1
9671,47475,1
9672,47476,1
9673,47477,1
9674,47478,1
9675,47479,1
9676,47480,1
9677,47481,1
9678,47482,1
9679,47483,1
9680,47484,1
9681,47485,1
9682,47486,1
9683,47487,1
9684,47488,1
9685,47489,1
9686,47490,1
9687,47491,1
9688,47492,1
9689,47493,1
9690,47494,1
9691,47495,1
9692,47496,1
9693,47497,1
9694,47498,1
9695,47499,1
9696,47500,1
9697,47501,1
9698,47502,1
9699,47503,1
9700,47504,1
9701,47505,1
9702,47506,1
9703,47507,1
9704,47508,1
9705,47509,1
9706,47510,1
9707,47511,1
9708,47512,1
9709,47513,1
9710,47514,1
9711,47515,1
9712,47516,1
9713,47517,1
9714,47518,1
9715,47519,1
9716,47520,1
9717,47521,1
9718,47522,1
9719,47523,1
9720,47524,1
9721,47525,1
9722,47526,1
9723,47527,1
9724,47528,1
9725,47529,1
9726,47530,1
9727,47531,1
9728,47532,1
9729,47533,1
9730,47534,1
9731,47535,1
9732,47536,1
9733,47537,1
9734,47538,1
9735,47539,1
9736,47540,1
9737,47541,1
9738,47542,1
9739,47543,1
9740,47544,1
9741,47545,1
9742,47546,1
9743,47547,1
9744,47548,1
9745,47549,1
9746,47550,1
9747,47551,1
9748,47552,1
9749,47553,1
9750,47554,1
9751,47555,1
9752,47556,1
9753,47557,1
9754,47558,1
9755,47559,1
9756,47560,1
9757,47561,1
9758,47562,1
9759,47563,1
9760,47564,1
9761,47565,1
9762,47566,1
9763,47567,1
9764,47568,1
9765,47569,1
9766,47570,1
9767,47571,1
9768,47572,1
9769,47573,1
9770,47574,1
9771,47575,1
9772,47576,1
9773,47577,1
9774,47578,1
9775,47579,1
9776,47580,1
9777,47581,1
9778,47582,1
9779,47583,1
9780,47584,1
9781,47585,1
9782,47586,1
9783,47587,1
9784,47588,1
9785,47589,1
9786,47590,1
9787,47591,1
9788,47592,1
9789,47593,1
9790,47594,1
9791,47595,1
9792,47596,1
9793,47597,1
9794,47598,1
9795,47599,1
9796,47600,1
9797,47601,1
9798,47602,1
9799,47603,1
9800,47604,1
9801,47605,1
9802,47606,1
9803,47607,1
9804,47608,1
9805,47609,1
9806,47610,1
9807,47611,1
9808,47612,1
9809,47613,1
9810,47614,1
9811,47615,1
9812,47616,1
9813,47617,1
9814,47618,1
9815,47619,1
9816,47620,1
9817,47621,1
9818,47622,1
9819,47623,1
9820,47624,1
9821,47625,1
9822,47626,1
9823,47627,1
9824,47628,1
9825,47629,1
9826,47630,1
9827,47631,1
9828,47632,1
9829,47633,1
9830,47634,1
9831,47635,1
9832,47636,1
9833,47637,1
9834,47638,1
9835,47639,1
9836,47640,1
9837,47641,1
9838,47642,1
9839,47643,1
9840,47644,1
9841,47645,1
9842,47646,1
9843,47647,1
9844,47648,1
9845,47649,1
9846,47650,1
9847,47651,1
9848,47652,1
9849,47653,1
9850,47654,1
9851,47655,1
9852,47656,1
9853,47657,1
9854,47658,1
9855,47659,1
9856,47660,1
9857,47661,1
9858,47662,1
9859,47663,1
9860,47664,1
9861,47665,1
9862,47666,1
9863,47667,1
9864,47668,1
9865,47669,1
9866,47670,1
9867,47671,1
9868,47672,1
9869,47673,1
9870,47674,1
9871,47675,1
9872,47676,1
9873,47677,1
9874,47678,1
9875,47679,1
9876,47680,1
9877,47681,1
9878,47682,1
9879,47683,1
9880,47684,1
9881,47685,1
9882,47686,1
9883,47687,1
9884,47688,1
9885,47689,1
9886,47690,1
9887,47691,1
9888,47692,1
9889,47693,1
9890,47694,1
9891,47695,1
9892,47696,1
9893,47697,1
9894,47698,1
9895,47699,1
9896,47700,1
9897,47701,1
9898,47702,1
9899,47703,1
9900,47704,1
9901,47705,1
9902,47706,1
9903,47707,1
9904,47708,1
9905,47709,1
9906,47710,1
9907,47711,1
9908,47712,1
9909,47713,1
9910,47714,1
9911,47715,1
9912,47716,1
9913,47717,1
9914,47718,1
9915,47719,1
9916,47720,1
9917,47721,1
9918,47722,1
9919,47723,1
9920,47724,1
9921,47725,1
9922,47726,1
9923,47727,1
9924,47728,1
9925,47729,1
9926,47730,1
9927,47731,1
9928,47732,1
9929,47733,1
9930,47734,1
9931,47735,1
9932,47736,1
9933,47737,1
9934,47738,1
9935,47739,1
9936,47740,1
9937,47741,1
9938,47742,1
9939,47743,1
9940,47744,1
9941,47745,1
9942,47746,1
9943,47747,1
9944,47748,1
9945,47749,1
9946,47750,1
9947,47751,1
9948,47752,1
9949,47753,1
9950,47754,1
9951,47755,1
9952,47756,1
9953,47757,1
9954,47758,1
9955,47759,1
9956,47760,1
9957,47761,1
9958,47762,1
9959,47763,1
9960,47764,1
9961,47765,1
9962,47766,1
9963,47767,1
9964,47768,1
9965,47769,1
9966,47770,1
9967,47771,1
9968,47772,1
9969,47773,1
9970,47774,1
9971,47775,1
9972,47776,1
9973,47777,1
9974,47778,1
9975,47779,1
9976,47780,1
9977,47781,1
9978,47782,1
9979,47783,1
9980,47784,1
9981,47785,1
9982,47786,1
9983,47787,1
9984,47788,1
9985,47789,1
9986,47790,1
9987,47791,1
9988,47792,1
9989,47793,1
9990,47794,1
9991,47795,1
9992,47796,1
9993,47797,1
9994,47798,1
9995,47799,1
9996,47800,1
9997,47801,1
9998,47802,1
9999,47803,1
10000,47804,1
10001,47805,1
10002,47806,1
10003,47807,1
10004,47808,1
10005,47809,1
10006,47810,1
10007,47811,1
10008,47812,1
10009,47813,1
10010,47814,1
10011,47815,1
10012,47816,1
10013,47817,1
10014,47818,1
10015,47819,1
10016,47820,1
10017,47821,1
10018,47822,1
10019,47823,1
10020,47824,1
10021,47825,1
10022,47826,1
10023,47827,1
10024,47828,1
10025,47829,1
10026,47830,1
10027,47831,1
10028,47832,1
10029,47833,1
10030,47834,1
10031,47835,1
10032,47836,1
10033,47837,1
10034,47838,1
10035,47839,1
10036,47840,1
10037,47841,1
10038,47842,1
10039,47843,1
10040,47844,1
10041,47845,1
10042,47846,1
10043,47847,1
10044,47848,1
10045,47849,1
10046,47850,1
10047,47851,1
10048,47852,1
10049,47853,1
10050,47854,1
10051,47855,1
10052,47856,1
10053,47857,1
10054,47858,1
10055,47859,1
10056,47860,1
10057,47861,1
10058,47862,1
10059,47863,1
10060,47864,1
10061,47865,1
10062,47866,1
10063,47867,1
10064,47868,1
10065,47869,1
10066,47870,1
10067,47871,1
10068,47872,1
10069,47873,1
10070,47874,1
10071,47875,1
10072,47876,1
10073,47877,1
10074,47878,1
10075,47879,1
10076,47880,1
10077,47881,1
10078,47882,1
10079,47883,1
10080,47884,1
10081,47885,1
10082,47886,1
10083,47887,1
10084,47888,1
10085,47889,1
10086,47890,1
10087,47891,1
10088,47892,1
10089,47893,1
10090,47894,1
10091,47895,1
10092,47896,1
10093,47897,1
10094,47898,1
10095,47899,1
10096,47900,1
10097,47901,1
10098,47902,1
10099,47903,1
10100,47904,1
10101,47905,1
10102,47906,1
10103,47907,1
10104,47908,1
10105,47909,1
10106,47910,1
10107,47911,1
10108,47912,1
10109,47913,1
10110,47914,1
10111,47915,1
10112,47916,1
10113,47917,1
10114,47918,1
10115,47919,1
10116,47920,1
10117,47921,1
10118,47922,1
10119,47923,1
10120,47924,1
10121,47925,1
10122,47926,1
10123,47927,1
10124,47928,1
10125,47929,1
10126,47930,1
10127,47931,1
10128,47932,1
10129,47933,1
10130,47934,1
10131,47935,1
10132,47936,1
10133,47937,1
10134,47938,1
10135,47939,1
10136,47940,1
10137,47941,1
10138,47942,1
10139,47943,1
10140,47944,1
10141,47945,1
10142,47946,1
10143,47947,1
10144,47948,1
10145,47949,1
10146,47950,1
10147,47951,1
10148,47952,1
10149,47953,1
10150,47954,1
10151,47955,1
10152,47956,1
10153,47957,1
10154,47958,1
10155,47959,1
10156,47960,1
10157,47961,1
10158,47962,1
10159,47963,1
10160,47964,1
10161,47965,1
10162,47966,1
10163,47967,1
10164,47968,1
10165,47969,1
10166,47970,1
10167,47971,1
10168,47972,1
10169,47973,1
10170,47974,1
10171,47975,1
10172,47976,1
10173,47977,1
10174,47978,1
10175,47979,1
10176,47980,1
10177,47981,1
10178,47982,1
10179,47983,1
10180,47984,1
10181,47985,1
10182,47986,1
10183,47987,1
10184,47988,1
10185,47989,1
10186,47990,1
10187,47991,1
10188,47992,1
10189,47993,1
10190,47994,1
10191,47995,1
10192,47996,1
10193,47997,1
10194,47998,1
10195,47999,1
10196,48000,1
10197,48001,1
10198,48002,1
10199,48003,1
10200,48004,1
10201,48005,1
10202,48006,1
10203,48007,1
10204,48008,1
10205,48009,1
10206,48010,1
10207,48011,1
10208,48012,1
10209,48013,1
10210,48014,1
10211,48015,1
10212,48016,1
10213,48017,1
10214,48018,1
10215,48019,1
10216,48020,1
10217,48021,1
10218,48022,1
10219,48023,1
10220,48024,1
10221,48025,1
10222,48026,1
10223,48027,1
10224,48028,1
10225,48029,1
10226,48030,1
10227,48031,1
10228,48032,1
10229,48033,1
10230,48034,1
10231,48035,1
10232,48036,1
10233,48037,1
10234,48038,1
10235,48039,1
10236,48040,1
10237,48041,1
10238,48042,1
10239,48043,1
10240,48044,1
10241,48045,1
10242,48046,1
10243,48047,1
10244,48048,1
10245,48049,1
10246,48050,1
10247,48051,1
10248,48052,1
10249,48053,1
10250,48054,1
10251,48055,1
10252,48056,1
10253,48057,1
10254,48058,1
10255,48059,1
10256,48060,1
10257,48061,1
10258,48062,1
10259,48063,1
10260,48064,1
10261,48065,1
10262,48066,1
10263,48067,1
10264,48068,1
10265,48069,1
10266,48070,1
10267,48071,1
10268,48072,1
10269,48073,1
10270,48074,1
10271,48075,1
10272,48076,1
10273,48077,1
10274,48078,1
10275,48079,1
10276,48080,1
10277,48081,1
10278,48082,1
10279,48083,1
10280,48084,1
10281,48085,1
10282,48086,1
10283,48087,1
10284,48088,1
10285,48089,1
10286,48090,1
10287,48091,1
10288,48092,1
10289,48093,1
10290,48094,1
10291,48095,1
10292,48096,1
10293,48097,1
10294,48098,1
10295,48099,1
10296,48100,1
10297,48101,1
10298,48102,1
10299,48103,1
10300,48104,1
10301,48105,1
10302,48106,1
10303,48107,1
10304,48108,1
10305,48109,1
10306,48110,1
10307,48111,1
10308,48112,1
10309,48113,1
10310,48114,1
10311,48115,1
10312,48116,1
10313,48117,1
10314,48118,1
10315,48119,1
10316,48120,1
10317,48121,1
10318,48122,1
10319,48123,1
10320,48124,1
10321,48125,1
10322,48126,1
10323,48127,1
10324,48128,1
10325,48129,1
10326,48130,1
10327,48131,1
10328,48132,1
10329,48133,1
10330,48134,1
10331,48135,1
10332,48136,1
10333,48137,1
10334,48138,1
10335,48139,1
10336,48140,1
10337,48141,1
10338,48142,1
10339,48143,1
10340,48144,1
10341,48145,1
10342,48146,1
10343,48147,1
10344,48148,1
10345,48149,1
10346,48150,1
10347,48151,1
10348,48152,1
10349,48153,1
10350,48154,1
10351,48155,1
10352,48156,1
10353,48157,1
10354,48158,1
10355,48159,1
10356,48160,1
10357,48161,1
10358,48162,1
10359,48163,1
10360,48164,1
10361,48165,1
10362,48166,1
10363,48167,1
10364,48168,1
10365,48169,1
10366,48170,1
10367,48171,1
10368,48172,1
10369,48173,1
10370,48174,1
10371,48175,1
10372,48176,1
10373,48177,1
10374,48178,1
10375,48179,1
10376,48180,1
10377,48181,1
10378,48182,1
10379,48183,1
10380,48184,1
10381,48185,1
10382,48186,1
10383,48187,1
10384,48188,1
10385,48189,1
10386,48190,1
10387,48191,1
10388,48192,1
10389,48193,1
10390,48194,1
10391,48195,1
10392,48196,1
10393,48197,1
10394,48198,1
10395,48199,1
10396,48200,1
10397,48201,1
10398,48202,1
10399,48203,1
10400,48204,1
10401,48205,1
10402,48206,1
10403,48207,1
10404,48208,1
10405,48209,1
10406,48210,1
10407,48211,1
10408,48212,1
10409,48213,1
10410,48214,1
10411,48215,1
10412,48216,1
10413,48217,1
10414,48218,1
10415,48219,1
10416,48220,1
10417,48221,1
10418,48222,1
10419,48223,1
10420,48224,1
10421,48225,1
10422,48226,1
10423,48227,1
10424,48228,1
10425,48229,1
10426,48230,1
10427,48231,1
10428,48232,1
10429,48233,1
10430,48234,1
10431,48235,1
10432,48236,1
10433,48237,1
10434,48238,1
10435,48239,1
10436,48240,1
10437,48241,1
10438,48242,1
10439,48243,1
10440,48244,1
10441,48245,1
10442,48246,1
10443,48247,1
10444,48248,1
10445,48249,1
10446,48250,1
10447,48251,1
10448,48252,1
10449,48253,1
10450,48254,1
10451,48255,1
10452,48256,1
10453,48257,1
10454,48258,1
10455,48259,1
10456,48260,1
10457,48261,1
10458,48262,1
10459,48263,1
10460,48264,1
10461,48265,1
10462,48266,1
10463,48267,1
10464,48268,1
10465,48269,1
10466,48270,1
10467,48271,1
10468,48272,1
10469,48273,1
10470,48274,1
10471,48275,1
10472,48276,1
10473,48277,1
10474,48278,1
10475,48279,1
10476,48280,1
10477,48281,1
10478,48282,1
10479,48283,1
10480,48284,1
10481,48285,1
10482,48286,1
10483,48287,1
10484,48288,1
10485,48289,1
10486,48290,1
10487,48291,1
10488,48292,1
10489,48293,1
10490,48294,1
10491,48295,1
10492,48296,1
10493,48297,1
10494,48298,1
10495,48299,1
10496,48300,1
10497,48301,1
10498,48302,1
10499,48303,1
10500,48304,1
10501,48305,1
10502,48306,1
10503,48307,1
10504,48308,1
10505,48309,1
10506,48310,1
10507,48311,1
10508,48312,1
10509,48313,1
10510,48314,1
10511,48315,1
10512,48316,1
10513,48317,1
10514,48318,1
10515,48319,1
10516,48320,1
10517,48321,1
10518,48322,1
10519,48323,1
10520,48324,1
10521,48325,1
10522,48326,1
10523,48327,1
10524,48328,1
10525,48329,1
10526,48330,1
10527,48331,1
10528,48332,1
10529,48333,1
10530,48334,1
10531,48335,1
10532,48336,1
10533,48337,1
10534,48338,1
10535,48339,1
10536,48340,1
10537,48341,1
10538,48342,1
10539,48343,1
10540,48344,1
10541,48345,1
10542,48346,1
10543,48347,1
10544,48348,1
10545,48349,1
10546,48350,1
10547,48351,1
10548,48352,1
10549,48353,1
10550,48354,1
10551,48355,1
10552,48356,1
10553,48357,1
10554,48358,1
10555,48359,1
10556,48360,1
10557,48361,1
10558,48362,1
10559,48363,1
10560,48364,1
10561,48365,1
10562,48366,1
10563,48367,1
10564,48368,1
10565,48369,1
10566,48370,1
10567,48371,1
10568,48372,1
10569,48373,1
10570,48374,1
10571,48375,1
10572,48376,1
10573,48377,1
10574,48378,1
10575,48379,1
10576,48380,1
10577,48381,1
10578,48382,1
10579,48383,1
10580,48384,1
10581,48385,1
10582,48386,1
10583,48387,1
10584,48388,1
10585,48389,1
10586,48390,1
10587,48391,1
10588,48392,1
10589,48393,1
10590,48394,1
10591,48395,1
10592,48396,1
10593,48397,1
10594,48398,1
10595,48399,1
10596,48400,1
10597,48401,1
10598,48402,1
10599,48403,1
10600,48404,1
10601,48405,1
10602,48406,1
10603,48407,1
10604,48408,1
10605,48409,1
10606,48410,1
10607,48411,1
10608,48412,1
10609,48413,1
10610,48414,1
10611,48415,1
10612,48416,1
10613,48417,1
10614,48418,1
10615,48419,1
10616,48420,1
10617,48421,1
10618,48422,1
10619,48423,1
10620,48424,1
10621,48425,1
10622,48426,1
10623,48427,1
10624,48428,1
10625,48429,1
10626,48430,1
10627,48431,1
10628,48432,1
10629,48433,1
10630,48434,1
10631,48435,1
10632,48436,1
10633,48437,1
10634,48438,1
10635,48439,1
10636,48440,1
10637,48441,1
10638,48442,1
10639,48443,1
10640,48444,1
10641,48445,1
10642,48446,1
10643,48447,1
10644,48448,1
10645,48449,1
10646,48450,1
10647,48451,1
10648,48452,1
10649,48453,1
10650,48454,1
10651,48455,1
10652,48456,1
10653,48457,1
10654,48458,1
10655,48459,1
10656,48460,1
10657,48461,1
10658,48462,1
10659,48463,1
10660,48464,1
10661,48465,1
10662,48466,1
10663,48467,1
10664,48468,1
10665,48469,1
10666,48470,1
10667,48471,1
10668,48472,1
10669,48473,1
10670,48474,1
10671,48475,1
10672,48476,1
10673,48477,1
10674,48478,1
10675,48479,1
10676,48480,1
10677,48481,1
10678,48482,1
10679,48483,1
10680,48484,1
10681,48485,1
10682,48486,1
10683,48487,1
10684,48488,1
10685,48489,1
10686,48490,1
10687,48491,1
10688,48492,1
10689,48493,1
10690,48494,1
10691,48495,1
10692,48496,1
10693,48497,1
10694,48498,1
10695,48499,1
10696,48500,1
10697,48501,1
10698,48502,1
10699,48503,1
10700,48504,1
10701,48505,1
10702,48506,1
10703,48507,1
10704,48508,1
10705,48509,1
10706,48510,1
10707,48511,1
10708,48512,1
10709,48513,1
10710,48514,1
10711,48515,1
10712,48516,1
10713,48517,1
10714,48518,1
10715,48519,1
10716,48520,1
10717,48521,1
10718,48522,1
10719,48523,1
10720,48524,1
10721,48525,1
10722,48526,1
10723,48527,1
10724,48528,1
10725,48529,1
10726,48530,1
10727,48531,1
10728,48532,1
10729,48533,1
10730,48534,1
10731,48535,1
10732,48536,1
10733,48537,1
10734,48538,1
10735,48539,1
10736,48540,1
10737,48541,1
10738,48542,1
10739,48543,1
10740,48544,1
10741,48545,1
10742,48546,1
10743,48547,1
10744,48548,1
10745,48549,1
10746,48550,1
10747,48551,1
10748,48552,1
10749,48553,1
10750,48554,1
10751,48555,1
10752,48556,1
10753,48557,1
10754,48558,1
10755,48559,1
10756,48560,1
10757,48561,1
10758,48562,1
10759,48563,1
10760,48564,1
10761,48565,1
10762,48566,1
10763,48567,1
10764,48568,1
10765,48569,1
10766,48570,1
10767,48571,1
10768,48572,1
10769,48573,1
10770,48574,1
10771,48575,1
10772,48576,1
10773,48577,1
10774,48578,1
10775,48579,1
10776,48580,1
10777,48581,1
10778,48582,1
10779,48583,1
10780,48584,1
10781,48585,1
10782,48586,1
10783,48587,1
10784,48588,1
10785,48589,1
10786,48590,1
10787,48591,1
10788,48592,1
10789,48593,1
10790,48594,1
10791,48595,1
10792,48596,1
10793,48597,1
10794,48598,1
10795,48599,1
10796,48600,1
10797,48601,1
10798,48602,1
10799,48603,1
10800,48604,1
10801,48605,1
10802,48606,1
10803,48607,1
10804,48608,1
10805,48609,1
10806,48610,1
10807,48611,1
10808,48612,1
10809,48613,1
10810,48614,1
10811,48615,1
10812,48616,1
10813,48617,1
10814,48618,1
10815,48619,1
10816,48620,1
10817,48621,1
10818,48622,1
10819,48623,1
10820,48624,1
10821,48625,1
10822,48626,1
10823,48627,1
10824,48628,1
10825,48629,1
10826,48630,1
10827,48631,1
10828,48632,1
10829,48633,1
10830,48634,1
10831,48635,1
10832,48636,1
10833,48637,1
10834,48638,1
10835,48639,1
10836,48640,1
10837,48641,1
10838,48642,1
10839,48643,1
10840,48644,1
10841,48645,1
10842,48646,1
10843,48647,1
10844,48648,1
10845,48649,1
10846,48650,1
10847,48651,1
10848,48652,1
10849,48653,1
10850,48654,1
10851,48655,1
10852,48656,1
10853,48657,1
10854,48658,1
10855,48659,1
10856,48660,1
10857,48661,1
10858,48662,1
10859,48663,1
10860,48664,1
10861,48665,1
10862,48666,1
10863,48667,1
10864,48668,1
10865,48669,1
10866,48670,1
10867,48671,1
10868,48672,1
10869,48673,1
10870,48674,1
10871,48675,1
10872,48676,1
10873,48677,1
10874,48678,1
10875,48679,1
10876,48680,1
10877,48681,1
10878,48682,1
10879,48683,1
10880,48684,1
10881,48685,1
10882,48686,1
10883,48687,1
10884,48688,1
10885,48689,1
10886,48690,1
10887,48691,1
10888,48692,1
10889,48693,1
10890,48694,1
10891,48695,1
10892,48696,1
10893,48697,1
10894,48698,1
10895,48699,1
10896,48700,1
10897,48701,1
10898,48702,1
10899,48703,1
10900,48704,1
10901,48705,1
10902,48706,1
10903,48707,1
10904,48708,1
10905,48709,1
10906,48710,1
10907,48711,1
10908,48712,1
10909,48713,1
10910,48714,1
10911,48715,1
10912,48716,1
10913,48717,1
10914,48718,1
10915,48719,1
10916,48720,1
10917,48721,1
10918,48722,1
10919,48723,1
10920,48724,1
10921,48725,1
10922,48726,1
10923,48727,1
10924,48728,1
10925,48729,1
10926,48730,1
10927,48731,1
10928,48732,1
10929,48733,1
10930,48734,1
10931,48735,1
10932,48736,1
10933,48737,1
10934,48738,1
10935,48739,1
10936,48740,1
10937,48741,1
10938,48742,1
10939,48743,1
10940,48744,1
10941,48745,1
10942,48746,1
10943,48747,1
10944,48748,1
10945,48749,1
10946,48750,1
10947,48751,1
10948,48752,1
10949,48753,1
10950,48754,1
10951,48755,1
10952,48756,1
10953,48757,1
10954,48758,1
10955,48759,1
10956,48760,1
10957,48761,1
10958,48762,1
10959,48763,1
10960,48764,1
10961,48765,1
10962,48766,1
10963,48767,1
10964,48768,1
10965,48769,1
10966,48770,1
10967,48771,1
10968,48772,1
10969,48773,1
10970,48774,1
10971,48775,1
10972,48776,1
10973,48777,1
10974,48778,1
10975,48779,1
10976,48780,1
10977,48781,1
10978,48782,1
10979,48783,1
10980,48784,1
10981,48785,1
10982,48786,1
10983,48787,1
10984,48788,1
10985,48789,1
10986,48790,1
10987,48791,1
10988,48792,1
10989,48793,1
10990,48794,1
10991,48795,1
10992,48796,1
10993,48797,1
10994,48798,1
10995,48799,1
10996,48800,1
10997,48801,1
10998,48802,1
10999,48803,1
11000,48804,1
11001,48805,1
11002,48806,1
11003,48807,1
11004,48808,1
11005,48809,1
11006,48810,1
11007,48811,1
11008,48812,1
11009,48813,1
11010,48814,1
11011,48815,1
11012,48816,1
11013,48817,1
11014,48818,1
11015,48819,1
11016,48820,1
11017,48821,1
11018,48822,1
11019,48823,1
11020,48824,1
11021,48825,1
11022,48826,1
11023,48827,1
11024,48828,1
11025,48829,1
11026,48830,1
11027,48831,1
11028,48832,1
11029,48833,1
11030,48834,1
11031,48835,1
11032,48836,1
11033,48837,1
11034,48838,1
11035,48839,1
11036,48840,1
11037,48841,1
11038,48842,1
11039,48843,1
11040,48844,1
11041,48845,1
11042,48846,1
11043,48847,1
11044,48848,1
11045,48849,1
11046,48850,1
11047,48851,1
11048,48852,1
11049,48853,1
11050,48854,1
11051,48855,1
11052,48856,1
11053,48857,1
11054,48858,1
11055,48859,1
11056,48860,1
11057,48861,1
11058,48862,1
11059,48863,1
11060,48864,1
11061,48865,1
11062,48866,1
11063,48867,1
11064,48868,1
11065,48869,1
11066,48870,1
11067,48871,1
11068,48872,1
11069,48873,1
11070,48874,1
11071,48875,1
11072,48876,1
11073,48877,1
11074,48878,1
11075,48879,1
11076,48880,1
11077,48881,1
11078,48882,1
11079,48883,1
11080,48884,1
11081,48885,1
11082,48886,1
11083,48887,1
11084,48888,1
11085,48889,1
11086,48890,1
11087,48891,1
11088,48892,1
11089,48893,1
11090,48894,1
11091,48895,1
11092,48896,1
11093,48897,1
11094,48898,1
11095,48899,1
11096,48900,1
11097,48901,1
11098,48902,1
11099,48903,1
11100,48904,1
11101,48905,1
11102,48906,1
11103,48907,1
11104,48908,1
11105,48909,1
11106,48910,1
11107,48911,1
11108,48912,1
11109,48913,1
11110,48914,1
11111,48915,1
11112,48916,1
11113,48917,1
11114,48918,1
11115,48919,1
11116,48920,1
11117,48921,1
11118,48922,1
11119,48923,1
11120,48924,1
11121,48925,1
11122,48926,1
11123,48927,1
11124,48928,1
11125,48929,1
11126,48930,1
11127,48931,1
11128,48932,1
11129,48933,1
11130,48934,1
11131,48935,1
11132,48936,1
11133,48937,1
11134,48938,1
11135,48939,1
11136,48940,1
11137,48941,1
11138,48942,1
11139,48943,1
11140,48944,1
11141,48945,1
11142,48946,1
11143,48947,1
11144,48948,1
11145,48949,1
11146,48950,1
11147,48951,1
11148,48952,1
11149,48953,1
11150,48954,1
11151,48955,1
11152,48956,1
11153,48957,1
11154,48958,1
11155,48959,1
11156,48960,1
11157,48961,1
11158,48962,1
11159,48963,1
11160,48964,1
11161,48965,1
11162,48966,1
11163,48967,1
11164,48968,1
11165,48969,1
11166,48970,1
11167,48971,1
11168,48972,1
11169,48973,1
11170,48974,1
11171,48975,1
11172,48976,1
11173,48977,1
11174,48978,1
11175,48979,1
11176,48980,1
11177,48981,1
11178,48982,1
11179,48983,1
11180,48984,1
11181,48985,1
11182,48986,1
11183,48987,1
11184,48988,1
11185,48989,1
11186,48990,1
11187,48991,1
11188,48992,1
11189,48993,1
11190,48994,1
11191,48995,1
11192,48996,1
11193,48997,1
11194,48998,1
11195,48999,1
11196,49000,1
11197,49001,1
11198,49002,1
11199,49003,1
11200,49004,1
11201,49005,1
11202,49006,1
11203,49007,1
11204,49008,1
11205,49009,1
11206,49010,1
11207,49011,1
11208,49012,1
11209,49013,1
11210,49014,1
11211,49015,1
11212,49016,1
11213,49017,1
11214,49018,1
11215,49019,1
11216,49020,1
11217,49021,1
11218,49022,1
11219,49023,1
11220,49024,1
11221,49025,1
11222,49026,1
11223,49027,1
11224,49028,1
11225,49029,1
11226,49030,1
11227,49031,1
11228,49032,1
11229,49033,1
11230,49034,1
11231,49035,1
11232,49036,1
11233,49037,1
11234,49038,1
11235,49039,1
11236,49040,1
11237,49041,1
11238,49042,1
11239,49043,1
11240,49044,1
11241,49045,1
11242,49046,1
11243,49047,1
11244,49048,1
11245,49049,1
11246,49050,1
11247,49051,1
11248,49052,1
11249,49053,1
11250,49054,1
11251,49055,1
11252,49056,1
11253,49057,1
11254,49058,1
11255,49059,1
11256,49060,1
11257,49061,1
11258,49062,1
11259,49063,1
11260,49064,1
11261,49065,1
11262,49066,1
11263,49067,1
11264,49068,1
11265,49069,1
11266,49070,1
11267,49071,1
11268,49072,1
11269,49073,1
11270,49074,1
11271,49075,1
11272,49076,1
11273,49077,1
11274,49078,1
11275,49079,1
11276,49080,1
11277,49081,1
11278,49082,1
11279,49083,1
11280,49084,1
11281,49085,1
11282,49086,1
11283,49087,1
11284,49088,1
11285,49089,1
11286,49090,1
11287,49091,1
11288,49092,1
11289,49093,1
11290,49094,1
11291,49095,1
11292,49096,1
11293,49097,1
11294,49098,1
11295,49099,1
11296,49100,1
11297,49101,1
11298,49102,1
11299,49103,1
11300,49104,1
11301,49105,1
11302,49106,1
11303,49107,1
11304,49108,1
11305,49109,1
11306,49110,1
11307,49111,1
11308,49112,1
11309,49113,1
11310,49114,1
11311,49115,1
11312,49116,1
11313,49117,1
11314,49118,1
11315,49119,1
11316,49120,1
11317,49121,1
11318,49122,1
11319,49123,1
11320,49124,1
11321,49125,1
11322,49126,1
11323,49127,1
11324,49128,1
11325,49129,1
11326,49130,1
11327,49131,1
11328,49132,1
11329,49133,1
11330,49134,1
11331,49135,1
11332,49136,1
11333,49137,1
11334,49138,1
11335,49139,1
11336,49140,1
11337,49141,1
11338,49142,1
11339,49143,1
11340,49144,1
11341,49145,1
11342,49146,1
11343,49147,1
11344,49148,1
11345,49149,1
11346,49150,1
11347,49151,1
11348,49152,1
11349,49153,1
11350,49154,1
11351,49155,1
11352,49156,1
11353,49157,1
11354,49158,1
11355,49159,1
11356,49160,1
11357,49161,1
11358,49162,1
11359,49163,1
11360,49164,1
11361,49165,1
11362,49166,1
11363,49167,1
11364,49168,1
11365,49169,1
11366,49170,1
11367,49171,1
11368,49172,1
11369,49173,1
11370,49174,1
11371,49175,1
11372,49176,1
11373,49177,1
11374,49178,1
11375,49179,1
11376,49180,1
11377,49181,1
11378,49182,1
11379,49183,1
11380,49184,1
11381,49185,1
11382,49186,1
11383,49187,1
11384,49188,1
11385,49189,1
11386,49190,1
11387,49191,1
11388,49192,1
11389,49193,1
11390,49194,1
11391,49195,1
11392,49196,1
11393,49197,1
11394,49198,1
11395,49199,1
11396,49200,1
11397,49201,1
11398,49202,1
11399,49203,1
11400,49204,1
11401,49205,1
11402,49206,1
11403,49207,1
11404,49208,1
11405,49209,1
11406,49210,1
11407,49211,1
11408,49212,1
11409,49213,1
11410,49214,1
11411,49215,1
11412,49216,1
11413,49217,1
11414,49218,1
11415,49219,1
11416,49220,1
11417,49221,1
11418,49222,1
11419,49223,1
11420,49224,1
11421,49225,1
11422,49226,1
11423,49227,1
11424,49228,1
11425,49229,1
11426,49230,1
11427,49231,1
11428,49232,1
11429,49233,1
11430,49234,1
11431,49235,1
11432,49236,1
11433,49237,1
11434,49238,1
11435,49239,1
11436,49240,1
11437,49241,1
11438,49242,1
11439,49243,1
11440,49244,1
11441,49245,1
11442,49246,1
11443,49247,1
11444,49248,1
11445,49249,1
11446,49250,1
11447,49251,1
11448,49252,1
11449,49253,1
11450,49254,1
11451,49255,1
11452,49256,1
11453,49257,1
11454,49258,1
11455,49259,1
11456,49260,1
11457,49261,1
11458,49262,1
11459,49263,1
11460,49264,1
11461,49265,1
11462,49266,1
11463,49267,1
11464,49268,1
11465,49269,1
11466,49270,1
11467,49271,1
11468,49272,1
11469,49273,1
11470,49274,1
11471,49275,1
11472,49276,1
11473,49277,1
11474,49278,1
11475,49279,1
11476,49280,1
11477,49281,1
11478,49282,1
11479,49283,1
11480,49284,1
11481,49285,1
11482,49286,1
11483,49287,1
11484,49288,1
11485,49289,1
11486,49290,1
11487,49291,1
11488,49292,1
11489,49293,1
11490,49294,1
11491,49295,1
11492,49296,1
11493,49297,1
11494,49298,1
11495,49299,1
11496,49300,1
11497,49301,1
11498,49302,1
11499,49303,1
11500,49304,1
11501,49305,1
11502,49306,1
11503,49307,1
11504,49308,1
11505,49309,1
11506,49310,1
11507,49311,1
11508,49312,1
11509,49313,1
11510,49314,1
11511,49315,1
11512,49316,1
11513,49317,1
11514,49318,1
11515,49319,1
11516,49320,1
11517,49321,1
11518,49322,1
11519,49323,1
11520,49324,1
11521,49325,1
11522,49326,1
11523,49327,1
11524,49328,1
11525,49329,1
11526,49330,1
11527,49331,1
11528,49332,1
11529,49333,1
11530,49334,1
11531,49335,1
11532,49336,1
11533,49337,1
11534,49338,1
11535,49339,1
11536,49340,1
11537,49341,1
11538,49342,1
11539,49343,1
11540,49344,1
11541,49345,1
11542,49346,1
11543,49347,1
11544,49348,1
11545,49349,1
11546,49350,1
11547,49351,1
11548,49352,1
11549,49353,1
11550,49354,1
11551,49355,1
11552,49356,1
11553,49357,1
11554,49358,1
11555,49359,1
11556,49360,1
11557,49361,1
11558,49362,1
11559,49363,1
11560,49364,1
11561,49365,1
11562,49366,1
11563,49367,1
11564,49368,1
11565,49369,1
11566,49370,1
11567,49371,1
11568,49372,1
11569,49373,1
11570,49374,1
11571,49375,1
11572,49376,1
11573,49377,1
11574,49378,1
11575,49379,1
11576,49380,1
11577,49381,1
11578,49382,1
11579,49383,1
11580,49384,1
11581,49385,1
11582,49386,1
11583,49387,1
11584,49388,1
11585,49389,1
11586,49390,1
11587,49391,1
11588,49392,1
11589,49393,1
11590,49394,1
11591,49395,1
11592,49396,1
11593,49397,1
11594,49398,1
11595,49399,1
11596,49400,1
11597,49401,1
11598,49402,1
11599,49403,1
11600,49404,1
11601,49405,1
11602,49406,1
11603,49407,1
11604,49408,1
11605,49409,1
11606,49410,1
11607,49411,1
11608,49412,1
11609,49413,1
11610,49414,1
11611,49415,1
11612,49416,1
11613,49417,1
11614,49418,1
11615,49419,1
11616,49420,1
11617,49421,1
11618,49422,1
11619,49423,1
11620,49424,1
11621,49425,1
11622,49426,1
11623,49427,1
11624,49428,1
11625,49429,1
11626,49430,1
11627,49431,1
11628,49432,1
11629,49433,1
11630,49434,1
11631,49435,1
11632,49436,1
11633,49437,1
11634,49438,1
11635,49439,1
11636,49440,1
11637,49441,1
11638,49442,1
11639,49443,1
11640,49444,1
11641,49445,1
11642,49446,1
11643,49447,1
11644,49448,1
11645,49449,1
11646,49450,1
11647,49451,1
11648,49452,1
11649,49453,1
11650,49454,1
11651,49455,1
11652,49456,1
11653,49457,1
11654,49458,1
11655,49459,1
11656,49460,1
11657,49461,1
11658,49462,1
11659,49463,1
11660,49464,1
11661,49465,1
11662,49466,1
11663,49467,1
11664,49468,1
11665,49469,1
11666,49470,1
11667,49471,1
11668,49472,1
11669,49473,1
11670,49474,1
11671,49475,1
11672,49476,1
11673,49477,1
11674,49478,1
11675,49479,1
11676,49480,1
11677,49481,1
11678,49482,1
11679,49483,1
11680,49484,1
11681,49485,1
11682,49486,1
11683,49487,1
11684,49488,1
11685,49489,1
11686,49490,1
11687,49491,1
11688,49492,1
11689,49493,1
11690,49494,1
11691,49495,1
11692,49496,1
11693,49497,1
11694,49498,1
11695,49499,1
11696,49500,1
11697,49501,1
11698,49502,1
11699,49503,1
11700,49504,1
11701,49505,1
11702,49506,1
11703,49507,1
11704,49508,1
11705,49509,1
11706,49510,1
11707,49511,1
11708,49512,1
11709,49513,1
11710,49514,1
11711,49515,1
11712,49516,1
11713,49517,1
11714,49518,1
11715,49519,1
11716,49520,1
11717,49521,1
11718,49522,1
11719,49523,1
11720,49524,1
11721,49525,1
11722,49526,1
11723,49527,1
11724,49528,1
11725,49529,1
11726,49530,1
11727,49531,1
11728,49532,1
11729,49533,1
11730,49534,1
11731,49535,1
11732,49536,1
11733,49537,1
11734,49538,1
11735,49539,1
11736,49540,1
11737,49541,1
11738,49542,1
11739,49543,1
11740,49544,1
11741,49545,1
11742,49546,1
11743,49547,1
11744,49548,1
11745,49549,1
11746,49550,1
11747,49551,1
11748,49552,1
11749,49553,1
11750,49554,1
11751,49555,1
11752,49556,1
11753,49557,1
11754,49558,1
11755,49559,1
11756,49560,1
11757,49561,1
11758,49562,1
11759,49563,1
11760,49564,1
11761,49565,1
11762,49566,1
11763,49567,1
11764,49568,1
11765,49569,1
11766,49570,1
11767,49571,1
11768,49572,1
11769,49573,1
11770,49574,1
11771,49575,1
11772,49576,1
11773,49577,1
11774,49578,1
11775,49579,1
11776,49580,1
11777,49581,1
11778,49582,1
11779,49583,1
11780,49584,1
11781,49585,1
11782,49586,1
11783,49587,1
11784,49588,1
11785,49589,1
11786,49590,1
11787,49591,1
11788,49592,1
11789,49593,1
11790,49594,1
11791,49595,1
11792,49596,1
11793,49597,1
11794,49598,1
11795,49599,1
11796,49600,1
11797,49601,1
11798,49602,1
11799,49603,1
11800,49604,1
11801,49605,1
11802,49606,1
11803,49607,1
11804,49608,1
11805,49609,1
11806,49610,1
11807,49611,1
11808,49612,1
11809,49613,1
11810,49614,1
11811,49615,1
11812,49616,1
11813,49617,1
11814,49618,1
11815,49619,1
11816,49620,1
11817,49621,1
11818,49622,1
11819,49623,1
11820,49624,1
11821,49625,1
11822,49626,1
11823,49627,1
11824,49628,1
11825,49629,1
11826,49630,1
11827,49631,1
11828,49632,1
11829,49633,1
11830,49634,1
11831,49635,1
11832,49636,1
11833,49637,1
11834,49638,1
11835,49639,1
11836,49640,1
11837,49641,1
11838,49642,1
11839,49643,1
11840,49644,1
11841,49645,1
11842,49646,1
11843,49647,1
11844,49648,1
11845,49649,1
11846,49650,1
11847,49651,1
11848,49652,1
11849,49653,1
11850,49654,1
11851,49655,1
11852,49656,1
11853,49657,1
11854,49658,1
11855,49659,1
11856,49660,1
11857,49661,1
11858,49662,1
11859,49663,1
11860,49664,1
11861,49665,1
11862,49666,1
11863,49667,1
11864,49668,1
11865,49669,1
11866,49670,1
11867,49671,1
11868,49672,1
11869,49673,1
11870,49674,1
11871,49675,1
11872,49676,1
11873,49677,1
11874,49678,1
11875,49679,1
11876,49680,1
11877,49681,1
11878,49682,1
11879,49683,1
11880,49684,1
11881,49685,1
11882,49686,1
11883,49687,1
11884,49688,1
11885,49689,1
11886,49690,1
11887,49691,1
11888,49692,1
11889,49693,1
11890,49694,1
11891,49695,1
11892,49696,1
11893,49697,1
11894,49698,1
11895,49699,1
11896,49700,1
11897,49701,1
11898,49702,1
11899,49703,1
11900,49704,1
11901,49705,1
11902,49706,1
11903,49707,1
11904,49708,1
11905,49709,1
11906,49710,1
11907,49711,1
11908,49712,1
11909,49713,1
11910,49714,1
11911,49715,1
11912,49716,1
11913,49717,1
11914,49718,1
11915,49719,1
11916,49720,1
11917,49721,1
11918,49722,1
11919,49723,1
11920,49724,1
11921,49725,1
11922,49726,1
11923,49727,1
11924,49728,1
11925,49729,1
11926,49730,1
11927,49731,1
11928,49732,1
11929,49733,1
11930,49734,1
11931,49735,1
11932,49736,1
11933,49737,1
11934,49738,1
11935,49739,1
11936,49740,1
11937,49741,1
11938,49742,1
11939,49743,1
11940,49744,1
11941,49745,1
11942,49746,1
11943,49747,1
11944,49748,1
11945,49749,1
11946,49750,1
11947,49751,1
11948,49752,1
11949,49753,1
11950,49754,1
11951,49755,1
11952,49756,1
11953,49757,1
11954,49758,1
11955,49759,1
11956,49760,1
11957,49761,1
11958,49762,1
11959,49763,1
11960,49764,1
11961,49765,1
11962,49766,1
11963,49767,1
11964,49768,1
11965,49769,1
11966,49770,1
11967,49771,1
11968,49772,1
11969,49773,1
11970,49774,1
11971,49775,1
11972,49776,1
11973,49777,1
11974,49778,1
11975,49779,1
11976,49780,1
11977,49781,1
11978,49782,1
11979,49783,1
11980,49784,1
11981,49785,1
11982,49786,1
11983,49787,1
11984,49788,1
11985,49789,1
11986,49790,1
11987,49791,1
11988,49792,1
11989,49793,1
11990,49794,1
11991,49795,1
11992,49796,1
11993,49797,1
11994,49798,1
11995,49799,1
11996,49800,1
11997,49801,1
11998,49802,1
11999,49803,1
12000,49804,1
12001,49805,1
12002,49806,1
12003,49807,1
12004,49808,1
12005,49809,1
12006,49810,1
12007,49811,1
12008,49812,1
12009,49813,1
12010,49814,1
12011,49815,1
12012,49816,1
12013,49817,1
12014,49818,1
12015,49819,1
12016,49820,1
12017,49821,1
12018,49822,1
12019,49823,1
12020,49824,1
12021,49825,1
12022,49826,1
12023,49827,1
12024,49828,1
12025,49829,1
12026,49830,1
12027,49831,1
12028,49832,1
12029,49833,1
12030,49834,1
12031,49835,1
12032,49836,1
12033,49837,1
12034,49838,1
12035,49839,1
12036,49840,1
12037,49841,1
12038,49842,1
12039,49843,1
12040,49844,1
12041,49845,1
12042,49846,1
12043,49847,1
12044,49848,1
12045,49849,1
12046,49850,1
12047,49851,1
12048,49852,1
12049,49853,1
12050,49854,1
12051,49855,1
12052,49856,1
12053,49857,1
12054,49858,1
12055,49859,1
12056,49860,1
12057,49861,1
12058,49862,1
12059,49863,1
12060,49864,1
12061,49865,1
12062,49866,1
12063,49867,1
12064,49868,1
12065,49869,1
12066,49870,1
12067,49871,1
12068,49872,1
12069,49873,1
12070,49874,1
12071,49875,1
12072,49876,1
12073,49877,1
12074,49878,1
12075,49879,1
12076,49880,1
12077,49881,1
12078,49882,1
12079,49883,1
12080,49884,1
12081,49885,1
12082,49886,1
12083,49887,1
12084,49888,1
12085,49889,1
12086,49890,1
12087,49891,1
12088,49892,1
12089,49893,1
12090,49894,1
12091,49895,1
12092,49896,1
12093,49897,1
12094,49898,1
12095,49899,1
12096,49900,1
12097,49901,1
12098,49902,1
12099,49903,1
12100,49904,1
12101,49905,1
12102,49906,1
12103,49907,1
12104,49908,1
12105,49909,1
12106,49910,1
12107,49911,1
12108,49912,1
12109,49913,1
12110,49914,1
12111,49915,1
12112,49916,1
12113,49917,1
12114,49918,1
12115,49919,1
12116,49920,1
12117,49921,1
12118,49922,1
12119,49923,1
12120,49924,1
12121,49925,1
12122,49926,1
12123,49927,1
12124,49928,1
12125,49929,1
12126,49930,1
12127,49931,1
12128,49932,1
12129,49933,1
12130,49934,1
12131,49935,1
12132,49936,1
12133,49937,1
12134,49938,1
12135,49939,1
12136,49940,1
12137,49941,1
12138,49942,1
12139,49943,1
12140,49944,1
12141,49945,1
12142,49946,1
12143,49947,1
12144,49948,1
12145,49949,1
12146,49950,1
12147,49951,1
12148,49952,1
12149,49953,1
12150,49954,1
12151,49955,1
12152,49956,1
12153,49957,1
12154,49958,1
12155,49959,1
12156,49960,1
12157,49961,1
12158,49962,1
12159,49963,1
12160,49964,1
12161,49965,1
12162,49966,1
12163,49967,1
12164,49968,1
12165,49969,1
12166,49970,1
12167,49971,1
12168,49972,1
12169,49973,1
12170,49974,1
12171,49975,1
12172,49976,1
12173,49977,1
12174,49978,1
12175,49979,1
12176,49980,1
12177,49981,1
12178,49982,1
12179,49983,1
12180,49984,1
12181,49985,1
12182,49986,1
12183,49987,1
12184,49988,1
12185,49989,1
12186,49990,1
12187,49991,1
12188,49992,1
12189,49993,1
12190,49994,1
12191,49995,1
12192,49996,1
12193,49997,1
12194,49998,1
12195,49999,1
12196,50000,1
12197,50001,1
12198,50002,1
12199,50003,1
12200,50004,1
12201,50005,1
12202,50006,1
12203,50007,1
12204,50008,1
12205,50009,1
12206,50010,1
12207,50011,1
12208,50012,1
12209,50013,1
12210,50014,1
12211,50015,1
12212,50016,1
12213,50017,1
12214,50018,1
12215,50019,1
12216,50020,1
12217,50021,1
12218,50022,1
12219,50023,1
12220,50024,1
12221,50025,1
12222,50026,1
12223,50027,1
12224,50028,1
12225,50029,1
12226,50030,1
12227,50031,1
12228,50032,1
12229,50033,1
12230,50034,1
12231,50035,1
12232,50036,1
12233,50037,1
12234,50038,1
12235,50039,1
12236,50040,1
12237,50041,1
12238,50042,1
12239,50043,1
12240,50044,1
12241,50045,1
12242,50046,1
12243,50047,1
12244,50048,1
12245,50049,1
12246,50050,1
12247,50051,1
12248,50052,1
12249,50053,1
12250,50054,1
12251,50055,1
12252,50056,1
12253,50057,1
12254,50058,1
12255,50059,1
12256,50060,1
12257,50061,1
12258,50062,1
12259,50063,1
12260,50064,1
12261,50065,1
12262,50066,1
12263,50067,1
12264,50068,1
12265,50069,1
12266,50070,1
12267,50071,1
12268,50072,1
12269,50073,1
12270,50074,1
12271,50075,1
12272,50076,1
12273,50077,1
12274,50078,1
12275,50079,1
12276,50080,1
12277,50081,1
12278,50082,1
12279,50083,1
12280,50084,1
12281,50085,1
12282,50086,1
12283,50087,1
12284,50088,1
12285,50089,1
12286,50090,1
12287,50091,1
12288,50092,1
12289,50093,1
12290,50094,1
12291,50095,1
12292,50096,1
12293,50097,1
12294,50098,1
12295,50099,1
12296,50100,1
12297,50101,1
12298,50102,1
12299,50103,1
12300,50104,1
12301,50105,1
12302,50106,1
12303,50107,1
12304,50108,1
12305,50109,1
12306,50110,1
12307,50111,1
12308,50112,1
12309,50113,1
12310,50114,1
12311,50115,1
12312,50116,1
12313,50117,1
12314,50118,1
12315,50119,1
12316,50120,1
12317,50121,1
12318,50122,1
12319,50123,1
12320,50124,1
12321,50125,1
12322,50126,1
12323,50127,1
12324,50128,1
12325,50129,1
12326,50130,1
12327,50131,1
12328,50132,1
12329,50133,1
12330,50134,1
12331,50135,1
12332,50136,1
12333,50137,1
12334,50138,1
12335,50139,1
12336,50140,1
12337,50141,1
12338,50142,1
12339,50143,1
12340,50144,1
12341,50145,1
12342,50146,1
12343,50147,1
12344,50148,1
12345,50149,1
12346,50150,1
12347,50151,1
12348,50152,1
12349,50153,1
12350,50154,1
12351,50155,1
12352,50156,1
12353,50157,1
12354,50158,1
12355,50159,1
12356,50160,1
12357,50161,1
12358,50162,1
12359,50163,1
12360,50164,1
12361,50165,1
12362,50166,1
12363,50167,1
12364,50168,1
12365,50169,1
12366,50170,1
12367,50171,1
12368,50172,1
12369,50173,1
12370,50174,1
12371,50175,1
12372,50176,1
12373,50177,1
12374,50178,1
12375,50179,1
12376,50180,1
12377,50181,1
12378,50182,1
12379,50183,1
12380,50184,1
12381,50185,1
12382,50186,1
12383,50187,1
12384,50188,1
12385,50189,1
12386,50190,1
12387,50191,1
12388,50192,1
12389,50193,1
12390,50194,1
12391,50195,1
12392,50196,1
12393,50197,1
12394,50198,1
12395,50199,1
12396,50200,1
12397,50201,1
12398,50202,1
12399,50203,1
12400,50204,1
12401,50205,1
12402,50206,1
12403,50207,1
12404,50208,1
12405,50209,1
12406,50210,1
12407,50211,1
12408,50212,1
12409,50213,1
12410,50214,1
12411,50215,1
12412,50216,1
12413,50217,1
12414,50218,1
12415,50219,1
12416,50220,1
12417,50221,1
12418,50222,1
12419,50223,1
12420,50224,1
12421,50225,1
12422,50226,1
12423,50227,1
12424,50228,1
12425,50229,1
12426,50230,1
12427,50231,1
12428,50232,1
12429,50233,1
12430,50234,1
12431,50235,1
12432,50236,1
12433,50237,1
12434,50238,1
12435,50239,1
12436,50240,1
12437,50241,1
12438,50242,1
12439,50243,1
12440,50244,1
12441,50245,1
12442,50246,1
12443,50247,1
12444,50248,1
12445,50249,1
12446,50250,1
12447,50251,1
12448,50252,1
12449,50253,1
12450,50254,1
12451,50255,1
12452,50256,1
12453,50257,1
12454,50258,1
12455,50259,1
12456,50260,1
12457,50261,1
12458,50262,1
12459,50263,1
12460,50264,1
12461,50265,1
12462,50266,1
12463,50267,1
12464,50268,1
12465,50269,1
12466,50270,1
12467,50271,1
12468,50272,1
12469,50273,1
12470,50274,1
12471,50275,1
12472,50276,1
12473,50277,1
12474,50278,1
12475,50279,1
12476,50280,1
12477,50281,1
12478,50282,1
12479,50283,1
12480,50284,1
12481,50285,1
12482,50286,1
12483,50287,1
12484,50288,1
12485,50289,1
12486,50290,1
12487,50291,1
12488,50292,1
12489,50293,1
12490,50294,1
12491,50295,1
12492,50296,1
12493,50297,1
12494,50298,1
12495,50299,1
12496,50300,1
12497,50301,1
12498,50302,1
12499,50303,1
12500,50304,1
12501,50305,1
12502,50306,1
12503,50307,1
12504,50308,1
12505,50309,1
12506,50310,1
12507,50311,1
12508,50312,1
12509,50313,1
12510,50314,1
12511,50315,1
12512,50316,1
12513,50317,1
12514,50318,1
12515,50319,1
12516,50320,1
12517,50321,1
12518,50322,1
12519,50323,1
12520,50324,1
12521,50325,1
12522,50326,1
12523,50327,1
12524,50328,1
12525,50329,1
12526,50330,1
12527,50331,1
12528,50332,1
12529,50333,1
12530,50334,1
12531,50335,1
12532,50336,1
12533,50337,1
12534,50338,1
12535,50339,1
12536,50340,1
12537,50341,1
12538,50342,1
12539,50343,1
12540,50344,1
12541,50345,1
12542,50346,1
12543,50347,1
12544,50348,1
12545,50349,1
12546,50350,1
12547,50351,1
12548,50352,1
12549,50353,1
12550,50354,1
12551,50355,1
12552,50356,1
12553,50357,1
12554,50358,1
12555,50359,1
12556,50360,1
12557,50361,1
12558,50362,1
12559,50363,1
12560,50364,1
12561,50365,1
12562,50366,1
12563,50367,1
12564,50368,1
12565,50369,1
12566,50370,1
12567,50371,1
12568,50372,1
12569,50373,1
12570,50374,1
12571,50375,1
12572,50376,1
12573,50377,1
12574,50378,1
12575,50379,1
12576,50380,1
12577,50381,1
12578,50382,1
12579,50383,1
12580,50384,1
12581,50385,1
12582,50386,1
12583,50387,1
12584,50388,1
12585,50389,1
12586,50390,1
12587,50391,1
12588,50392,1
12589,50393,1
12590,50394,1
12591,50395,1
12592,50396,1
12593,50397,1
12594,50398,1
12595,50399,1
12596,50400,1
12597,50401,1
12598,50402,1
12599,50403,1
12600,50404,1
12601,50405,1
12602,50406,1
12603,50407,1
12604,50408,1
12605,50409,1
12606,50410,1
12607,50411,1
12608,50412,1
12609,50413,1
12610,50414,1
12611,50415,1
12612,50416,1
12613,50417,1
12614,50418,1
12615,50419,1
12616,50420,1
12617,50421,1
12618,50422,1
12619,50423,1
12620,50424,1
12621,50425,1
12622,50426,1
12623,50427,1
12624,50428,1
12625,50429,1
12626,50430,1
12627,50431,1
12628,50432,1
12629,50433,1
12630,50434,1
12631,50435,1
12632,50436,1
12633,50437,1
12634,50438,1
12635,50439,1
12636,50440,1
12637,50441,1
12638,50442,1
12639,50443,1
12640,50444,1
12641,50445,1
12642,50446,1
12643,50447,1
12644,50448,1
12645,50449,1
12646,50450,1
12647,50451,1
12648,50452,1
12649,50453,1
12650,50454,1
12651,50455,1
12652,50456,1
12653,50457,1
12654,50458,1
12655,50459,1
12656,50460,1
12657,50461,1
12658,50462,1
12659,50463,1
12660,50464,1
12661,50465,1
12662,50466,1
12663,50467,1
12664,50468,1
12665,50469,1
12666,50470,1
12667,50471,1
12668,50472,1
12669,50473,1
12670,50474,1
12671,50475,1
12672,50476,1
12673,50477,1
12674,50478,1
12675,50479,1
12676,50480,1
12677,50481,1
12678,50482,1
12679,50483,1
12680,50484,1
12681,50485,1
12682,50486,1
12683,50487,1
12684,50488,1
12685,50489,1
12686,50490,1
12687,50491,1
12688,50492,1
12689,50493,1
12690,50494,1
12691,50495,1
12692,50496,1
12693,50497,1
12694,50498,1
12695,50499,1
12696,50500,1
12697,50501,1
12698,50502,1
12699,50503,1
12700,50504,1
12701,50505,1
12702,50506,1
12703,50507,1
12704,50508,1
12705,50509,1
12706,50510,1
12707,50511,1
12708,50512,1
12709,50513,1
12710,50514,1
12711,50515,1
12712,50516,1
12713,50517,1
12714,50518,1
12715,50519,1
12716,50520,1
12717,50521,1
12718,50522,1
12719,50523,1
12720,50524,1
12721,50525,1
12722,50526,1
12723,50527,1
12724,50528,1
12725,50529,1
12726,50530,1
12727,50531,1
12728,50532,1
12729,50533,1
12730,50534,1
12731,50535,1
12732,50536,1
12733,50537,1
12734,50538,1
12735,50539,1
12736,50540,1
12737,50541,1
12738,50542,1
12739,50543,1
12740,50544,1
12741,50545,1
12742,50546,1
12743,50547,1
12744,50548,1
12745,50549,1
12746,50550,1
12747,50551,1
12748,50552,1
12749,50553,1
12750,50554,1
12751,50555,1
12752,50556,1
12753,50557,1
12754,50558,1
12755,50559,1
12756,50560,1
12757,50561,1
12758,50562,1
12759,50563,1
12760,50564,1
12761,50565,1
12762,50566,1
12763,50567,1
12764,50568,1
12765,50569,1
12766,50570,1
12767,50571,1
12768,50572,1
12769,50573,1
12770,50574,1
12771,50575,1
12772,50576,1
12773,50577,1
12774,50578,1
12775,50579,1
12776,50580,1
12777,50581,1
12778,50582,1
12779,50583,1
12780,50584,1
12781,50585,1
12782,50586,1
12783,50587,1
12784,50588,1
12785,50589,1
12786,50590,1
12787,50591,1
12788,50592,1
12789,50593,1
12790,50594,1
12791,50595,1
12792,50596,1
12793,50597,1
12794,50598,1
12795,50599,1
12796,50600,1
12797,50601,1
12798,50602,1
12799,50603,1
12800,50604,1
12801,50605,1
12802,50606,1
12803,50607,1
12804,50608,1
12805,50609,1
12806,50610,1
12807,50611,1
12808,50612,1
12809,50613,1
12810,50614,1
12811,50615,1
12812,50616,1
12813,50617,1
12814,50618,1
12815,50619,1
12816,50620,1
12817,50621,1
12818,50622,1
12819,50623,1
12820,50624,1
12821,50625,1
12822,50626,1
12823,50627,1
12824,50628,1
12825,50629,1
12826,50630,1
12827,50631,1
12828,50632,1
12829,50633,1
12830,50634,1
12831,50635,1
12832,50636,1
12833,50637,1
12834,50638,1
12835,50639,1
12836,50640,1
12837,50641,1
12838,50642,1
12839,50643,1
12840,50644,1
12841,50645,1
12842,50646,1
12843,50647,1
12844,50648,1
12845,50649,1
12846,50650,1
12847,50651,1
12848,50652,1
12849,50653,1
12850,50654,1
12851,50655,1
12852,50656,1
12853,50657,1
12854,50658,1
12855,50659,1
12856,50660,1
12857,50661,1
12858,50662,1
12859,50663,1
12860,50664,1
12861,50665,1
12862,50666,1
12863,50667,1
12864,50668,1
12865,50669,1
12866,50670,1
12867,50671,1
12868,50672,1
12869,50673,1
12870,50674,1
12871,50675,1
12872,50676,1
12873,50677,1
12874,50678,1
12875,50679,1
12876,50680,1
12877,50681,1
12878,50682,1
12879,50683,1
12880,50684,1
12881,50685,1
12882,50686,1
12883,50687,1
12884,50688,1
12885,50689,1
12886,50690,1
12887,50691,1
12888,50692,1
12889,50693,1
12890,50694,1
12891,50695,1
12892,50696,1
12893,50697,1
12894,50698,1
12895,50699,1
12896,50700,1
12897,50701,1
12898,50702,1
12899,50703,1
12900,50704,1
12901,50705,1
12902,50706,1
12903,50707,1
12904,50708,1
12905,50709,1
12906,50710,1
12907,50711,1
12908,50712,1
12909,50713,1
12910,50714,1
12911,50715,1
12912,50716,1
12913,50717,1
12914,50718,1
12915,50719,1
12916,50720,1
12917,50721,1
12918,50722,1
12919,50723,1
12920,50724,1
12921,50725,1
12922,50726,1
12923,50727,1
12924,50728,1
12925,50729,1
12926,50730,1
12927,50731,1
12928,50732,1
12929,50733,1
12930,50734,1
12931,50735,1
12932,50736,1
12933,50737,1
12934,50738,1
12935,50739,1
12936,50740,1
12937,50741,1
12938,50742,1
12939,50743,1
12940,50744,1
12941,50745,1
12942,50746,1
12943,50747,1
12944,50748,1
12945,50749,1
12946,50750,1
12947,50751,1
12948,50752,1
12949,50753,1
12950,50754,1
12951,50755,1
12952,50756,1
12953,50757,1
12954,50758,1
12955,50759,1
12956,50760,1
12957,50761,1
12958,50762,1
12959,50763,1
12960,50764,1
12961,50765,1
12962,50766,1
12963,50767,1
12964,50768,1
12965,50769,1
12966,50770,1
12967,50771,1
12968,50772,1
12969,50773,1
12970,50774,1
12971,50775,1
12972,50776,1
12973,50777,1
12974,50778,1
12975,50779,1
12976,50780,1
12977,50781,1
12978,50782,1
12979,50783,1
12980,50784,1
12981,50785,1
12982,50786,1
12983,50787,1
12984,50788,1
12985,50789,1
12986,50790,1
12987,50791,1
12988,50792,1
12989,50793,1
12990,50794,1
12991,50795,1
12992,50796,1
12993,50797,1
12994,50798,1
12995,50799,1
12996,50800,1
12997,50801,1
12998,50802,1
12999,50803,1
13000,50804,1
13001,50805,1
13002,50806,1
13003,50807,1
13004,50808,1
13005,50809,1
13006,50810,1
13007,50811,1
13008,50812,1
13009,50813,1
13010,50814,1
13011,50815,1
13012,50816,1
13013,50817,1
13014,50818,1
13015,50819,1
13016,50820,1
13017,50821,1
13018,50822,1
13019,50823,1
13020,50824,1
13021,50825,1
13022,50826,1
13023,50827,1
13024,50828,1
13025,50829,1
13026,50830,1
13027,50831,1
13028,50832,1
13029,50833,1
13030,50834,1
13031,50835,1
13032,50836,1
13033,50837,1
13034,50838,1
13035,50839,1
13036,50840,1
13037,50841,1
13038,50842,1
13039,50843,1
13040,50844,1
13041,50845,1
13042,50846,1
13043,50847,1
13044,50848,1
13045,50849,1
13046,50850,1
13047,50851,1
13048,50852,1
13049,50853,1
13050,50854,1
13051,50855,1
13052,50856,1
13053,50857,1
13054,50858,1
13055,50859,1
13056,50860,1
13057,50861,1
13058,50862,1
13059,50863,1
13060,50864,1
13061,50865,1
13062,50866,1
13063,50867,1
13064,50868,1
13065,50869,1
13066,50870,1
13067,50871,1
13068,50872,1
13069,50873,1
13070,50874,1
13071,50875,1
13072,50876,1
13073,50877,1
13074,50878,1
13075,50879,1
13076,50880,1
13077,50881,1
13078,50882,1
13079,50883,1
13080,50884,1
13081,50885,1
13082,50886,1
13083,50887,1
13084,50888,1
13085,50889,1
13086,50890,1
13087,50891,1
13088,50892,1
13089,50893,1
13090,50894,1
13091,50895,1
13092,50896,1
13093,50897,1
13094,50898,1
