2638,41231,1
2639,41232,1
2640,41233,1
2641,41234,1
2642,41235,1
2643,41236,1
2644,41237,1
2645,41238,1
2646,41239,1
2647,41240,1
2648,41241,1
2649,41242,1
2650,41243,1
2651,41244,1
2652,41245,1
2653,41246,1
2654,41247,1
2655,41248,1
2656,41249,1
2657,41250,1
2658,41251,1
2659,41252,1
2660,41253,1
2661,41254,1
2662,41255,1
2663,41256,1
2664,41257,1
2665,41258,1
2666,41259,1
2667,41260,1
2668,41261,1
2669,41262,1
2670,41263,1
2671,41264,1
2672,41265,1
2673,41266,1
2674,41267,1
2675,41268,1
2676,41269,1
2677,41270,1
2678,41271,1
2679,41272,1
2680,41273,1
2681,41274,1
2682,41275,1
2683,41276,1
2684,41277,1
2685,41278,1
2686,41279,1
2687,41280,1
2688,41281,1
2689,41282,1
2861,41283,1
2862,41284,1
2863,41285,1
2864,41286,1
2865,41287,1
2866,41288,1
2867,41289,1
2868,41290,1
2869,41291,1
2870,41292,1
2871,41293,1
2872,41294,1
2873,41295,1
2874,41296,1
2875,41297,1
2876,41298,1
2877,41299,1
2878,41300,1
2879,41301,1
2880,41302,1
2881,41303,1
2882,41304,1
2883,41305,1
2884,41306,1
2885,41307,1
2886,41308,1
2887,41309,1
2888,41310,1
2889,41311,1
2890,41312,1
2891,41313,1
2892,41314,1
2893,41315,1
2894,41316,1
2895,41317,1
2896,41318,1
2897,41319,1
2898,41320,1
2899,41321,1
2900,41322,1
2901,41323,1
2902,41324,1
2903,41325,1
2904,41326,1
2905,41327,1
2906,41328,1
2907,41329,1
2908,41330,1
2909,41331,1
2910,41332,1
2911,41333,1
2912,41334,1
2913,41335,1
2914,41336,1
2915,41337,1
2916,41338,1
2917,41339,1
2918,41340,1
2919,41341,1
2920,41342,1
2921,41343,1
2922,41344,1
2923,41345,1
2924,41346,1
2925,41347,1
2926,41348,1
2927,41349,1
2928,41350,1
2929,41351,1
2930,41352,1
2931,41353,1
2932,41354,1
2933,41355,1
2934,41356,1
2935,41357,1
2936,41358,1
2937,41359,1
2938,41360,1
2939,41361,1
2940,41362,1
2941,41363,1
2942,41364,1
2943,41365,1
2944,41366,1
2945,41367,1
2946,41368,1
2947,41369,1
2948,41370,1
2949,41371,1
2950,41372,1
2951,41373,1
2952,41374,1
2953,41375,1
2954,41376,1
2955,41377,1
2956,41378,1
2957,41379,1
2958,41380,1
2959,41381,1
2960,41382,1
2961,41383,1
2962,41384,1
2963,41385,1
2964,41386,1
2965,41387,1
2966,41388,1
2967,41389,1
2968,41390,1
2969,41391,1
2970,41392,1
2971,41393,1
2972,41394,1
2973,41395,1
2974,41396,1
2975,41397,1
2976,41398,1
2977,41399,1
2978,41400,1
2979,41401,1
2980,41402,1
2981,41403,1
2982,41404,1
2983,41405,1
2984,41406,1
2985,41407,1
2986,41408,1
2987,41409,1
2988,41410,1
2989,41411,1
2990,41412,1
2991,41413,1
2992,41414,1
2993,41415,1
2994,41416,1
2995,41417,1
2996,41418,1
2997,41419,1
2998,41420,1
2999,41421,1
3000,41422,1
3001,41423,1
3002,41424,1
3003,41425,1
3004,41426,1
3005,41427,1
3006,41428,1
3007,41429,1
3705,41430,1
3706,41431,1
3707,41432,1
3708,41433,1
3709,41434,1
3710,41435,1
3711,41436,1
3712,41437,1
3713,41438,1
3714,41439,1
3715,41440,1
3716,41441,1
3717,41442,1
3718,41443,1
3719,41444,1
3720,41445,1
3721,41446,1
3722,41447,1
3723,41448,1
3724,41449,1
3725,41450,1
3726,41451,1
3727,41452,1
3728,41453,1
3729,41454,1
3730,41455,1
3731,41456,1
3732,41457,1
3733,41458,1
3734,41459,1
3735,41460,1
3736,41461,1
3737,41462,1
3738,41463,1
3739,41464,1
3740,41465,1
3741,41466,1
3742,41467,1
3743,41468,1
3744,41469,1
3745,41470,1
3746,41471,1
3747,41472,1
3748,41473,1
3749,41474,1
3750,41475,1
3751,41476,1
3752,41477,1
3753,41478,1
3754,41479,1
3755,41480,1
3756,41481,1
3757,41482,1
3758,41483,1
3759,41484,1
3760,41485,1
3761,41486,1
3762,41487,1
3763,41488,1
3764,41489,1
3765,41490,1
3766,41491,1
3767,41492,1
3768,41493,1
3769,41494,1
3770,41495,1
3771,41496,1
3772,41497,1
3773,41498,1
3774,41499,1
3775,41500,1
3776,41501,1
3777,41502,1
3778,41503,1
3779,41504,1
3780,41505,1
3781,41506,1
3782,41507,1
3783,41508,1
3784,41509,1
3785,41510,1
3786,41511,1
3787,41512,1
3788,41513,1
3789,41514,1
3790,41515,1
3791,41516,1
3792,41517,1
3793,41518,1
3794,41519,1
3795,41520,1
3796,41521,1
3797,41522,1
3798,41523,1
3799,41524,1
3800,41525,1
3801,41526,1
3802,41527,1
3803,41528,1
3804,41529,1
3805,41530,1
3806,41531,1
3807,41532,1
3808,41533,1
3809,41534,1
3810,41535,1
3811,41536,1
3812,41537,1
3813,41538,1
3814,41539,1
3815,41540,1
3816,41541,1
3817,41542,1
3818,41543,1
3819,41544,1
3820,41545,1
3821,41546,1
3822,41547,1
3823,41548,1
3824,41549,1
3825,41550,1
3826,41551,1
3827,41552,1
3828,41553,1
3829,41554,1
3830,41555,1
3831,41556,1
3832,41557,1
3833,41558,1
3834,41559,1
3835,41560,1
3836,41561,1
3837,41562,1
3838,41563,1
3839,41564,1
3840,41565,1
3841,41566,1
3842,41567,1
3843,41568,1
3844,41569,1
3845,41570,1
3846,41571,1
3847,41572,1
3848,41573,1
3849,41574,1
3850,41575,1
3851,41576,1
3852,41577,1
3853,41578,1
3854,41579,1
3855,41580,1
3856,41581,1
3857,41582,1
3858,41583,1
3859,41584,1
3860,41585,1
3861,41586,1
3862,41587,1
3863,41588,1
3864,41589,1
3865,41590,1
3866,41591,1
3867,41592,1
3868,41593,1
3869,41594,1
3870,41595,1
3871,41596,1
3872,41597,1
3873,41598,1
3874,41599,1
3875,41600,1
3876,41601,1
3877,41602,1
3878,41603,1
3879,41604,1
3880,41605,1
3881,41606,1
3882,41607,1
3883,41608,1
3884,41609,1
3885,41610,1
3886,41611,1
3887,41612,1
3888,41613,1
3889,41614,1
3890,41615,1
3891,41616,1
3892,41617,1
3893,41618,1
3894,41619,1
3895,41620,1
3896,41621,1
3897,41622,1
3898,41623,1
3899,41624,1
3900,41625,1
3901,41626,1
3902,41627,1
3903,41628,1
3904,41629,1
3905,41630,1
3906,41631,1
3907,41632,1
3908,41633,1
3909,41634,1
3910,41635,1
3911,41636,1
3912,41637,1
3913,41638,1
3914,41639,1
3915,41640,1
3916,41641,1
3917,41642,1
3918,41643,1
3919,41644,1
3920,41645,1
3921,41646,1
3922,41647,1
3923,41648,1
3924,41649,1
3925,41650,1
3926,41651,1
3927,41652,1
3928,41653,1
3929,41654,1
3930,41655,1
3931,41656,1
3932,41657,1
3933,41658,1
3934,41659,1
3935,41660,1
3936,41661,1
3937,41662,1
3938,41663,1
3939,41664,1
3940,41665,1
3941,41666,1
3942,41667,1
3943,41668,1
3944,41669,1
3945,41670,1
3946,41671,1
3947,41672,1
3948,41673,1
3949,41674,1
3950,41675,1
3951,41676,1
3952,41677,1
3953,41678,1
3954,41679,1
3955,41680,1
3956,41681,1
3957,41682,1
3958,41683,1
3959,41684,1
3960,41685,1
3961,41686,1
3962,41687,1
3963,41688,1
3964,41689,1
3965,41690,1
3966,41691,1
3967,41692,1
3968,41693,1
3969,41694,1
3970,41695,1
3971,41696,1
3972,41697,1
3973,41698,1
3974,41699,1
3975,41700,1
3976,41701,1
3977,41702,1
3978,41703,1
3979,41704,1
3980,41705,1
3981,41706,1
3982,41707,1
3983,41708,1
3984,41709,1
3985,41710,1
3986,41711,1
3987,41712,1
3988,41713,1
3989,41714,1
3990,41715,1
3991,41716,1
3992,41717,1
3993,41718,1
3994,41719,1
3995,41720,1
3996,41721,1
3997,41722,1
3998,41723,1
3999,41724,1
4000,41725,1
4001,41726,1
4002,41727,1
4003,41728,1
4004,41729,1
4005,41730,1
4006,41731,1
4007,41732,1
4008,41733,1
4009,41734,1
4010,41735,1
4011,41736,1
4012,41737,1
4013,41738,1
4014,41739,1
4015,41740,1
4016,41741,1
4017,41742,1
4018,41743,1
4019,41744,1
4020,41745,1
4021,41746,1
4022,41747,1
4023,41748,1
4024,41749,1
4025,41750,1
4026,41751,1
4027,41752,1
4028,41753,1
4029,41754,1
4030,41755,1
4031,41756,1
4032,41757,1
4033,41758,1
4034,41759,1
4035,41760,1
4036,41761,1
4037,41762,1
4038,41763,1
4039,41764,1
4040,41765,1
4041,41766,1
4042,41767,1
4043,41768,1
4044,41769,1
4045,41770,1
4046,41771,1
4047,41772,1
4048,41773,1
4049,41774,1
4050,41775,1
4051,41776,1
4052,41777,1
4053,41778,1
4054,41779,1
4055,41780,1
4056,41781,1
4057,41782,1
4058,41783,1
4059,41784,1
4060,41785,1
4061,41786,1
4062,41787,1
4063,41788,1
4064,41789,1
4065,41790,1
4066,41791,1
4067,41792,1
4068,41793,1
4069,41794,1
4070,41795,1
4071,41796,1
4072,41797,1
4073,41798,1
4074,41799,1
4075,41800,1
4076,41801,1
4077,41802,1
4078,41803,1
4079,41804,1
4080,41805,1
4081,41806,1
4082,41807,1
4304,41808,1
4305,41809,1
4306,41810,1
4307,41811,1
4308,41812,1
4309,41813,1
4310,41814,1
4311,41815,1
4312,41816,1
4313,41817,1
4314,41818,1
4315,41819,1
4316,41820,1
4317,41821,1
4318,41822,1
4319,41823,1
4320,41824,1
4321,41825,1
4322,41826,1
4323,41827,1
4324,41828,1
4325,41829,1
4326,41830,1
4327,41831,1
4328,41832,1
4329,41833,1
4330,41834,1
4331,41835,1
4332,41836,1
4333,41837,1
4334,41838,1
4335,41839,1
4336,41840,1
4337,41841,1
4338,41842,1
4339,41843,1
4340,41844,1
4341,41845,1
4342,41846,1
4343,41847,1
4344,41848,1
4345,41849,1
4346,41850,1
4347,41851,1
4348,41852,1
4349,41853,1
4350,41854,1
4351,41855,1
4352,41856,1
4353,41857,1
4354,41858,1
4355,41859,1
4356,41860,1
4357,41861,1
4358,41862,1
4359,41863,1
4360,41864,1
4361,41865,1
4362,41866,1
4363,41867,1
4364,41868,1
4365,41869,1
4366,41870,1
4367,41871,1
4368,41872,1
4369,41873,1
4370,41874,1
4371,41875,1
4372,41876,1
4373,41877,1
4374,41878,1
4375,41879,1
4376,41880,1
4377,41881,1
4378,41882,1
4379,41883,1
4380,41884,1
4381,41885,1
4382,41886,1
4383,41887,1
4384,41888,1
4385,41889,1
4386,41890,1
4387,41891,1
4388,41892,1
4389,41893,1
4390,41894,1
4391,41895,1
4392,41896,1
4393,41897,1
4394,41898,1
4395,41899,1
4396,41900,1
4397,41901,1
4398,41902,1
4399,41903,1
4400,41904,1
4401,41905,1
4402,41906,1
4403,41907,1
4404,41908,1
4405,41909,1
4406,41910,1
4407,41911,1
4408,41912,1
4409,41913,1
4410,41914,1
4411,41915,1
4412,41916,1
4413,41917,1
4414,41918,1
4415,41919,1
4416,41920,1
4417,41921,1
4418,41922,1
4419,41923,1
4420,41924,1
4421,41925,1
4422,41926,1
4423,41927,1
4424,41928,1
4425,41929,1
4426,41930,1
4427,41931,1
4428,41932,1
4429,41933,1
4430,41934,1
4431,41935,1
4432,41936,1
4433,41937,1
4434,41938,1
4435,41939,1
4436,41940,1
4437,41941,1
4438,41942,1
4439,41943,1
4440,41944,1
4441,41945,1
4442,41946,1
4443,41947,1
4444,41948,1
4445,41949,1
4446,41950,1
4447,41951,1
4448,41952,1
4449,41953,1
4450,41954,1
4451,41955,1
4452,41956,1
4453,41957,1
4454,41958,1
4455,41959,1
4456,41960,1
4457,41961,1
4458,41962,1
4459,41963,1
4460,41964,1
4461,41965,1
4462,41966,1
4463,41967,1
4464,41968,1
4465,41969,1
4466,41970,1
4467,41971,1
4468,41972,1
4469,41973,1
4470,41974,1
4471,41975,1
4472,41976,1
4473,41977,1
4474,41978,1
4475,41979,1
4476,41980,1
4477,41981,1
4478,41982,1
4479,41983,1
4480,41984,1
4481,41985,1
4482,41986,1
4483,41987,1
4484,41988,1
4485,41989,1
4486,41990,1
4487,41991,1
4488,41992,1
4489,41993,1
4490,41994,1
4491,41995,1
4492,41996,1
4493,41997,1
4494,41998,1
4495,41999,1
4496,42000,1
4497,42001,1
4498,42002,1
4499,42003,1
4500,42004,1
4501,42005,1
4502,42006,1
4503,42007,1
4504,42008,1
4505,42009,1
4506,42010,1
4507,42011,1
9042,42012,1
9043,42013,1
9044,42014,1
9045,42015,1
9046,42016,1
9047,42017,1
9048,42018,1
9049,42019,1
9050,42020,1
9051,42021,1
9052,42022,1
9053,42023,1
9054,42024,1
9055,42025,1
9056,42026,1
9057,42027,1
9058,42028,1
9059,42029,1
9060,42030,1
9061,42031,1
9062,42032,1
9063,42033,1
9064,42034,1
9065,42035,1
9066,42036,1
9067,42037,1
9068,42038,1
9069,42039,1
9070,42040,1
9071,42041,1
9072,42042,1
9073,42043,1
9074,42044,1
9075,42045,1
9076,42046,1
9077,42047,1
9078,42048,1
9079,42049,1
9080,42050,1
9081,42051,1
9082,42052,1
9083,42053,1
9084,42054,1
9085,42055,1
9086,42056,1
9087,42057,1
9088,42058,1
9089,42059,1
9090,42060,1
9091,42061,1
9092,42062,1
9093,42063,1
9094,42064,1
9095,42065,1
9096,42066,1
9097,42067,1
9098,42068,1
9099,42069,1
9100,42070,1
9101,42071,1
9102,42072,1
9103,42073,1
9104,42074,1
9105,42075,1
9106,42076,1
9107,42077,1
9108,42078,1
9109,42079,1
9110,42080,1
9111,42081,1
9112,42082,1
9113,42083,1
9114,42084,1
9115,42085,1
9116,42086,1
9117,42087,1
9118,42088,1
9119,42089,1
9120,42090,1
9121,42091,1
9122,42092,1
9123,42093,1
9124,42094,1
9125,42095,1
9126,42096,1
9127,42097,1
9128,42098,1
9129,42099,1
9130,42100,1
9131,42101,1
9132,42102,1
9133,42103,1
9134,42104,1
9135,42105,1
9136,42106,1
9137,42107,1
9138,42108,1
9139,42109,1
9140,42110,1
9141,42111,1
9142,42112,1
9143,42113,1
9144,42114,1
9145,42115,1
9146,42116,1
9147,42117,1
9148,42118,1
9149,42119,1
9150,42120,1
9151,42121,1
9152,42122,1
9153,42123,1
9154,42124,1
9155,42125,1
9156,42126,1
9157,42127,1
9158,42128,1
9159,42129,1
9160,42130,1
9161,42131,1
9162,42132,1
9163,42133,1
9164,42134,1
9165,42135,1
9166,42136,1
9167,42137,1
9168,42138,1
9169,42139,1
9170,42140,1
9171,42141,1
9172,42142,1
9173,42143,1
9174,42144,1
9175,42145,1
9176,42146,1
9177,42147,1
9178,42148,1
9179,42149,1
9180,42150,1
9181,42151,1
9182,42152,1
9183,42153,1
9184,42154,1
9185,42155,1
9186,42156,1
9187,42157,1
9188,42158,1
9189,42159,1
9190,42160,1
9191,42161,1
9192,42162,1
9193,42163,1
9194,42164,1
9195,42165,1
9196,42166,1
9197,42167,1
9198,42168,1
9199,42169,1
9200,42170,1
9201,42171,1
9202,42172,1
9203,42173,1
9204,42174,1
9205,42175,1
9206,42176,1
9207,42177,1
9208,42178,1
9209,42179,1
9210,42180,1
9211,42181,1
9212,42182,1
9213,42183,1
9214,42184,1
9215,42185,1
9216,42186,1
9217,42187,1
9218,42188,1
9219,42189,1
9220,42190,1
9221,42191,1
9222,42192,1
9223,42193,1
9224,42194,1
9225,42195,1
9226,42196,1
9227,42197,1
9228,42198,1
9229,42199,1
9230,42200,1
9231,42201,1
9232,42202,1
9233,42203,1
9234,42204,1
9235,42205,1
9236,42206,1
9237,42207,1
9238,42208,1
9239,42209,1
9240,42210,1
9241,42211,1
9242,42212,1
9243,42213,1
9244,42214,1
9245,42215,1
9246,42216,1
9247,42217,1
9248,42218,1
9249,42219,1
9250,42220,1
9251,42221,1
9252,42222,1
9253,42223,1
9254,42224,1
9255,42225,1
9256,42226,1
9257,42227,1
9258,42228,1
9259,42229,1
9260,42230,1
9261,42231,1
9262,42232,1
9263,42233,1
9264,42234,1
9265,42235,1
9266,42236,1
9267,42237,1
9268,42238,1
9269,42239,1
9270,42240,1
9271,42241,1
9272,42242,1
9273,42243,1
9274,42244,1
9275,42245,1
9276,42246,1
9277,42247,1
9278,42248,1
9279,42249,1
9280,42250,1
9281,42251,1
9282,42252,1
9283,42253,1
9284,42254,1
9285,42255,1
9286,42256,1
9287,42257,1
9288,42258,1
9289,42259,1
9290,42260,1
9291,42261,1
9292,42262,1
9293,42263,1
9294,42264,1
9295,42265,1
9296,42266,1
9297,42267,1
9298,42268,1
9299,42269,1
9300,42270,1
9301,42271,1
9302,42272,1
9303,42273,1
9304,42274,1
9305,42275,1
9306,42276,1
9307,42277,1
9308,42278,1
9309,42279,1
9310,42280,1
9311,42281,1
9312,42282,1
9313,42283,1
9314,42284,1
9315,42285,1
9316,42286,1
9317,42287,1
9318,42288,1
9319,42289,1
9320,42290,1
9321,42291,1
9322,42292,1
9323,42293,1
9324,42294,1
9325,42295,1
9326,42296,1
9327,42297,1
9328,42298,1
9329,42299,1
9330,42300,1
9331,42301,1
9332,42302,1
9333,42303,1
9334,42304,1
9335,42305,1
9336,42306,1
9337,42307,1
9338,42308,1
9339,42309,1
9340,42310,1
9341,42311,1
9342,42312,1
9343,42313,1
9344,42314,1
9345,42315,1
9346,42316,1
9347,42317,1
9348,42318,1
9349,42319,1
9350,42320,1
9351,42321,1
9352,42322,1
9353,42323,1
9354,42324,1
9355,42325,1
9356,42326,1
9357,42327,1
9358,42328,1
9359,42329,1
9360,42330,1
9361,42331,1
9362,42332,1
9363,42333,1
9364,42334,1
9365,42335,1
9366,42336,1
9367,42337,1
9368,42338,1
9369,42339,1
9370,42340,1
9371,42341,1
9372,42342,1
9373,42343,1
9374,42344,1
9375,42345,1
9376,42346,1
9377,42347,1
9378,42348,1
9379,42349,1
9380,42350,1
9381,42351,1
9382,42352,1
9383,42353,1
9384,42354,1
9385,42355,1
9386,42356,1
9387,42357,1
9388,42358,1
9389,42359,1
9390,42360,1
9391,42361,1
9392,42362,1
9393,42363,1
9394,42364,1
9395,42365,1
9396,42366,1
9397,42367,1
9398,42368,1
9399,42369,1
9400,42370,1
9401,42371,1
9402,42372,1
9403,42373,1
9404,42374,1
9405,42375,1
9406,42376,1
9407,42377,1
9408,42378,1
9409,42379,1
9410,42380,1
9411,42381,1
9412,42382,1
9413,42383,1
9414,42384,1
9415,42385,1
9416,42386,1
9417,42387,1
9418,42388,1
9419,42389,1
9420,42390,1
9421,42391,1
9422,42392,1
9423,42393,1
9424,42394,1
9425,42395,1
9426,42396,1
9427,42397,1
9428,42398,1
9429,42399,1
9430,42400,1
9431,42401,1
9432,42402,1
9433,42403,1
9434,42404,1
9435,42405,1
9436,42406,1
9437,42407,1
9438,42408,1
9439,42409,1
9440,42410,1
9441,42411,1
9442,42412,1
9443,42413,1
9444,42414,1
9445,42415,1
9446,42416,1
9447,42417,1
9448,42418,1
9449,42419,1
9450,42420,1
9451,42421,1
9452,42422,1
9453,42423,1
9454,42424,1
9455,42425,1
9456,42426,1
9457,42427,1
9458,42428,1
9459,42429,1
9460,42430,1
9461,42431,1
9462,42432,1
9463,42433,1
9464,42434,1
9465,42435,1
9466,42436,1
9467,42437,1
9468,42438,1
9469,42439,1
9470,42440,1
9471,42441,1
9472,42442,1
9473,42443,1
9474,42444,1
9475,42445,1
9476,42446,1
9477,42447,1
9478,42448,1
9479,42449,1
9480,42450,1
9481,42451,1
9482,42452,1
9483,42453,1
9484,42454,1
9485,42455,1
9486,42456,1
9487,42457,1
9488,42458,1
9489,42459,1
9490,42460,1
9491,42461,1
9492,42462,1
9493,42463,1
9494,42464,1
9495,42465,1
9496,42466,1
9497,42467,1
9498,42468,1
9499,42469,1
9500,42470,1
9501,42471,1
9502,42472,1
9503,42473,1
9504,42474,1
9505,42475,1
9506,42476,1
9507,42477,1
9508,42478,1
9509,42479,1
9510,42480,1
9511,42481,1
9512,42482,1
9513,42483,1
9514,42484,1
9515,42485,1
9516,42486,1
9517,42487,1
9518,42488,1
9519,42489,1
9520,42490,1
9521,42491,1
9522,42492,1
9523,42493,1
9524,42494,1
9525,42495,1
9526,42496,1
9527,42497,1
9528,42498,1
9529,42499,1
9530,42500,1
9531,42501,1
9532,42502,1
9533,42503,1
9534,42504,1
9535,42505,1
9536,42506,1
9537,42507,1
9538,42508,1
9539,42509,1
9540,42510,1
9541,42511,1
9542,42512,1
9543,42513,1
9544,42514,1
9545,42515,1
9546,42516,1
9547,42517,1
9548,42518,1
9549,42519,1
9550,42520,1
9551,42521,1
9552,42522,1
9553,42523,1
9554,42524,1
9555,42525,1
9556,42526,1
9557,42527,1
9558,42528,1
9559,42529,1
9560,42530,1
9561,42531,1
9562,42532,1
9563,42533,1
9564,42534,1
9565,42535,1
9566,42536,1
9567,42537,1
9568,42538,1
9569,42539,1
9570,42540,1
9571,42541,1
9572,42542,1
9573,42543,1
9574,42544,1
9575,42545,1
9576,42546,1
9577,42547,1
9578,42548,1
9579,42549,1
9580,42550,1
9581,42551,1
9582,42552,1
9583,42553,1
9584,42554,1
9585,42555,1
9586,42556,1
9587,42557,1
9588,42558,1
9589,42559,1
9590,42560,1
9591,42561,1
9592,42562,1
9593,42563,1
9594,42564,1
9595,42565,1
9596,42566,1
9597,42567,1
9598,42568,1
9599,42569,1
9600,42570,1
9601,42571,1
9602,42572,1
9603,42573,1
9604,42574,1
9605,42575,1
9606,42576,1
9607,42577,1
9608,42578,1
9609,42579,1
9610,42580,1
9611,42581,1
9612,42582,1
9613,42583,1
9614,42584,1
9615,42585,1
9616,42586,1
9617,42587,1
9618,42588,1
9619,42589,1
9620,42590,1
9621,42591,1
9622,42592,1
9623,42593,1
9624,42594,1
9625,42595,1
9626,42596,1
9627,42597,1
9628,42598,1
9629,42599,1
9630,42600,1
9631,42601,1
9632,42602,1
9633,42603,1
9634,42604,1
9635,42605,1
9636,42606,1
9637,42607,1
9638,42608,1
9639,42609,1
9640,42610,1
9641,42611,1
9642,42612,1
9643,42613,1
9644,42614,1
9645,42615,1
9646,42616,1
9647,42617,1
9648,42618,1
9649,42619,1
9650,42620,1
9651,42621,1
9652,42622,1
9653,42623,1
9654,42624,1
9655,42625,1
9656,42626,1
9657,42627,1
9658,42628,1
9659,42629,1
9660,42630,1
9661,42631,1
9662,42632,1
9663,42633,1
9664,42634,1
9665,42635,1
9666,42636,1
9667,42637,1
9668,42638,1
9669,42639,1
9670,42640,1
9671,42641,1
9672,42642,1
9673,42643,1
9674,42644,1
9675,42645,1
9676,42646,1
9677,42647,1
9678,42648,1
9679,42649,1
9680,42650,1
9681,42651,1
9682,42652,1
9683,42653,1
9684,42654,1
9685,42655,1
9686,42656,1
9687,42657,1
9688,42658,1
9689,42659,1
9690,42660,1
9691,42661,1
9692,42662,1
9693,42663,1
9694,42664,1
9695,42665,1
9696,42666,1
9697,42667,1
9698,42668,1
9699,42669,1
9700,42670,1
9701,42671,1
9702,42672,1
9703,42673,1
9704,42674,1
9705,42675,1
9706,42676,1
9707,42677,1
9708,42678,1
9709,42679,1
9710,42680,1
9711,42681,1
9712,42682,1
9713,42683,1
9714,42684,1
9715,42685,1
9716,42686,1
9717,42687,1
9718,42688,1
9719,42689,1
9720,42690,1
9721,42691,1
9722,42692,1
9723,42693,1
9724,42694,1
9725,42695,1
9726,42696,1
9727,42697,1
9728,42698,1
9729,42699,1
9730,42700,1
9731,42701,1
9732,42702,1
9733,42703,1
9734,42704,1
9735,42705,1
9736,42706,1
9737,42707,1
9738,42708,1
9739,42709,1
9740,42710,1
9741,42711,1
9742,42712,1
9743,42713,1
9744,42714,1
9745,42715,1
9746,42716,1
9747,42717,1
9748,42718,1
9749,42719,1
9750,42720,1
9751,42721,1
9752,42722,1
9753,42723,1
9754,42724,1
9755,42725,1
9756,42726,1
9757,42727,1
9758,42728,1
9759,42729,1
9760,42730,1
9761,42731,1
9762,42732,1
9763,42733,1
9764,42734,1
9765,42735,1
9766,42736,1
9767,42737,1
9768,42738,1
9769,42739,1
9770,42740,1
9771,42741,1
9772,42742,1
9773,42743,1
9774,42744,1
9775,42745,1
9776,42746,1
9777,42747,1
9778,42748,1
9779,42749,1
9780,42750,1
9781,42751,1
9782,42752,1
9783,42753,1
9784,42754,1
9785,42755,1
9786,42756,1
9787,42757,1
9788,42758,1
9789,42759,1
9790,42760,1
9791,42761,1
9792,42762,1
9793,42763,1
9794,42764,1
9795,42765,1
9796,42766,1
9797,42767,1
9798,42768,1
9799,42769,1
9800,42770,1
9801,42771,1
9802,42772,1
9803,42773,1
9804,42774,1
9805,42775,1
9806,42776,1
9807,42777,1
9808,42778,1
9809,42779,1
9810,42780,1
9811,42781,1
9812,42782,1
9813,42783,1
9814,42784,1
9815,42785,1
9816,42786,1
9817,42787,1
9818,42788,1
9819,42789,1
9820,42790,1
9821,42791,1
9822,42792,1
9823,42793,1
9824,42794,1
9825,42795,1
9826,42796,1
9827,42797,1
9828,42798,1
9829,42799,1
9830,42800,1
9831,42801,1
9832,42802,1
9833,42803,1
9834,42804,1
9835,42805,1
9836,42806,1
9837,42807,1
9838,42808,1
9839,42809,1
9840,42810,1
9841,42811,1
9842,42812,1
9843,42813,1
9844,42814,1
9845,42815,1
9846,42816,1
9847,42817,1
9848,42818,1
9849,42819,1
9850,42820,1
9851,42821,1
9852,42822,1
9853,42823,1
9854,42824,1
9855,42825,1
9856,42826,1
9857,42827,1
9858,42828,1
9859,42829,1
9860,42830,1
9861,42831,1
9862,42832,1
9863,42833,1
9864,42834,1
9865,42835,1
9866,42836,1
9867,42837,1
9868,42838,1
9869,42839,1
9870,42840,1
9871,42841,1
9872,42842,1
9873,42843,1
9874,42844,1
9875,42845,1
9876,42846,1
9877,42847,1
9878,42848,1
9879,42849,1
9880,42850,1
9881,42851,1
9882,42852,1
9883,42853,1
9884,42854,1
9885,42855,1
9886,42856,1
9887,42857,1
9888,42858,1
9889,42859,1
9890,42860,1
9891,42861,1
9892,42862,1
9893,42863,1
9894,42864,1
9895,42865,1
9896,42866,1
9897,42867,1
9898,42868,1
9899,42869,1
9900,42870,1
9901,42871,1
9902,42872,1
9903,42873,1
9904,42874,1
9905,42875,1
9906,42876,1
9907,42877,1
9908,42878,1
9909,42879,1
9910,42880,1
9911,42881,1
9912,42882,1
9913,42883,1
9914,42884,1
9915,42885,1
9916,42886,1
9917,42887,1
9918,42888,1
9919,42889,1
9920,42890,1
9921,42891,1
9922,42892,1
9923,42893,1
9924,42894,1
9925,42895,1
9926,42896,1
9927,42897,1
9928,42898,1
9929,42899,1
9930,42900,1
9931,42901,1
9932,42902,1
9933,42903,1
9934,42904,1
9935,42905,1
9936,42906,1
9937,42907,1
9938,42908,1
9939,42909,1
9940,42910,1
9941,42911,1
9942,42912,1
9943,42913,1
9944,42914,1
9945,42915,1
9946,42916,1
9947,42917,1
9948,42918,1
9949,42919,1
9950,42920,1
9951,42921,1
9952,42922,1
9953,42923,1
9954,42924,1
9955,42925,1
9956,42926,1
9957,42927,1
9958,42928,1
9959,42929,1
9960,42930,1
9961,42931,1
9962,42932,1
9963,42933,1
9964,42934,1
9965,42935,1
9966,42936,1
9967,42937,1
9968,42938,1
9969,42939,1
9970,42940,1
9971,42941,1
9972,42942,1
9973,42943,1
9974,42944,1
9975,42945,1
9976,42946,1
9977,42947,1
9978,42948,1
9979,42949,1
9980,42950,1
9981,42951,1
9982,42952,1
9983,42953,1
9984,42954,1
9985,42955,1
9986,42956,1
9987,42957,1
9988,42958,1
9989,42959,1
9990,42960,1
9991,42961,1
9992,42962,1
9993,42963,1
9994,42964,1
9995,42965,1
9996,42966,1
9997,42967,1
9998,42968,1
9999,42969,1
10000,42970,1
10001,42971,1
10002,42972,1
10003,42973,1
10004,42974,1
10005,42975,1
10006,42976,1
10007,42977,1
10008,42978,1
10009,42979,1
10010,42980,1
10011,42981,1
10012,42982,1
10013,42983,1
10014,42984,1
10015,42985,1
10016,42986,1
10017,42987,1
10018,42988,1
10019,42989,1
10020,42990,1
10021,42991,1
10022,42992,1
10023,42993,1
10024,42994,1
10025,42995,1
10026,42996,1
10027,42997,1
10028,42998,1
10029,42999,1
10030,43000,1
10031,43001,1
10032,43002,1
10033,43003,1
10034,43004,1
10035,43005,1
10036,43006,1
10037,43007,1
10038,43008,1
10039,43009,1
10040,43010,1
10041,43011,1
10042,43012,1
10043,43013,1
10044,43014,1
10045,43015,1
10046,43016,1
10047,43017,1
10048,43018,1
10049,43019,1
10050,43020,1
10051,43021,1
10052,43022,1
10053,43023,1
10054,43024,1
10055,43025,1
10056,43026,1
10057,43027,1
10058,43028,1
10059,43029,1
10060,43030,1
10061,43031,1
10062,43032,1
10063,43033,1
10064,43034,1
10065,43035,1
10066,43036,1
10067,43037,1
10068,43038,1
10069,43039,1
10070,43040,1
10071,43041,1
10072,43042,1
10073,43043,1
10074,43044,1
10075,43045,1
10076,43046,1
10077,43047,1
10078,43048,1
10079,43049,1
10080,43050,1
10081,43051,1
10082,43052,1
10083,43053,1
10084,43054,1
10085,43055,1
10086,43056,1
10087,43057,1
10088,43058,1
10089,43059,1
10090,43060,1
10091,43061,1
10092,43062,1
10093,43063,1
10094,43064,1
10095,43065,1
10096,43066,1
10097,43067,1
10098,43068,1
10099,43069,1
10100,43070,1
10101,43071,1
10102,43072,1
10103,43073,1
10104,43074,1
10105,43075,1
10106,43076,1
10107,43077,1
10108,43078,1
10109,43079,1
10110,43080,1
10111,43081,1
10112,43082,1
10113,43083,1
10114,43084,1
10115,43085,1
10116,43086,1
10117,43087,1
10118,43088,1
10119,43089,1
10120,43090,1
10121,43091,1
10122,43092,1
10123,43093,1
10124,43094,1
10125,43095,1
10126,43096,1
10127,43097,1
10128,43098,1
10129,43099,1
10130,43100,1
10131,43101,1
10132,43102,1
10133,43103,1
10134,43104,1
10135,43105,1
10136,43106,1
10137,43107,1
10138,43108,1
10139,43109,1
10140,43110,1
10141,43111,1
10142,43112,1
10143,43113,1
10144,43114,1
10145,43115,1
10146,43116,1
10147,43117,1
10148,43118,1
10149,43119,1
10150,43120,1
10151,43121,1
10152,43122,1
10153,43123,1
10154,43124,1
10155,43125,1
10156,43126,1
10157,43127,1
10158,43128,1
10159,43129,1
10160,43130,1
10161,43131,1
10162,43132,1
10163,43133,1
10164,43134,1
10165,43135,1
10166,43136,1
10167,43137,1
10168,43138,1
10169,43139,1
10170,43140,1
10171,43141,1
10172,43142,1
10173,43143,1
10174,43144,1
10175,43145,1
10176,43146,1
10177,43147,1
10178,43148,1
10179,43149,1
10180,43150,1
10181,43151,1
10182,43152,1
10183,43153,1
10184,43154,1
10185,43155,1
10186,43156,1
10187,43157,1
10188,43158,1
10189,43159,1
10190,43160,1
10191,43161,1
10192,43162,1
10193,43163,1
10194,43164,1
10195,43165,1
10196,43166,1
10197,43167,1
10198,43168,1
10199,43169,1
10200,43170,1
10201,43171,1
10202,43172,1
10203,43173,1
10204,43174,1
10205,43175,1
10206,43176,1
10207,43177,1
10208,43178,1
10209,43179,1
10210,43180,1
10211,43181,1
10212,43182,1
10213,43183,1
10214,43184,1
10215,43185,1
10216,43186,1
10217,43187,1
10218,43188,1
10219,43189,1
10220,43190,1
10221,43191,1
10222,43192,1
10223,43193,1
10224,43194,1
10225,43195,1
10226,43196,1
10227,43197,1
10228,43198,1
10229,43199,1
10230,43200,1
10231,43201,1
10232,43202,1
10233,43203,1
10234,43204,1
10235,43205,1
10236,43206,1
10237,43207,1
10238,43208,1
10239,43209,1
10240,43210,1
10241,43211,1
10242,43212,1
10243,43213,1
10244,43214,1
10245,43215,1
10246,43216,1
10247,43217,1
10248,43218,1
10249,43219,1
10250,43220,1
10251,43221,1
10252,43222,1
10253,43223,1
10254,43224,1
10255,43225,1
10256,43226,1
10257,43227,1
10258,43228,1
10259,43229,1
10260,43230,1
10261,43231,1
10262,43232,1
10263,43233,1
10264,43234,1
10265,43235,1
10266,43236,1
10267,43237,1
10268,43238,1
10269,43239,1
10270,43240,1
10271,43241,1
10272,43242,1
10273,43243,1
10274,43244,1
10275,43245,1
10276,43246,1
10277,43247,1
10278,43248,1
10279,43249,1
10280,43250,1
10281,43251,1
10282,43252,1
10283,43253,1
10284,43254,1
10285,43255,1
10286,43256,1
10287,43257,1
10288,43258,1
10289,43259,1
10290,43260,1
10291,43261,1
10292,43262,1
10293,43263,1
10294,43264,1
10295,43265,1
10296,43266,1
10297,43267,1
10298,43268,1
10299,43269,1
10300,43270,1
10301,43271,1
10302,43272,1
10303,43273,1
10304,43274,1
10305,43275,1
10306,43276,1
10307,43277,1
10308,43278,1
10309,43279,1
10310,43280,1
10311,43281,1
10312,43282,1
10313,43283,1
10314,43284,1
10315,43285,1
10316,43286,1
10317,43287,1
10318,43288,1
10319,43289,1
10320,43290,1
10321,43291,1
10322,43292,1
10323,43293,1
10324,43294,1
10325,43295,1
10326,43296,1
10327,43297,1
10328,43298,1
10329,43299,1
10330,43300,1
10331,43301,1
10332,43302,1
10333,43303,1
10334,43304,1
10335,43305,1
10336,43306,1
10337,43307,1
10338,43308,1
10339,43309,1
10340,43310,1
10341,43311,1
10342,43312,1
10343,43313,1
10344,43314,1
10345,43315,1
10346,43316,1
10347,43317,1
10348,43318,1
10349,43319,1
10350,43320,1
10351,43321,1
10352,43322,1
10353,43323,1
10354,43324,1
10355,43325,1
10356,43326,1
10357,43327,1
10358,43328,1
10359,43329,1
10360,43330,1
10361,43331,1
10362,43332,1
10363,43333,1
10364,43334,1
10365,43335,1
10366,43336,1
10367,43337,1
10368,43338,1
10369,43339,1
10370,43340,1
10371,43341,1
10372,43342,1
10373,43343,1
10374,43344,1
10375,43345,1
10376,43346,1
10377,43347,1
10378,43348,1
10379,43349,1
10380,43350,1
10381,43351,1
10382,43352,1
10383,43353,1
10384,43354,1
10385,43355,1
10386,43356,1
10387,43357,1
10388,43358,1
10389,43359,1
10390,43360,1
10391,43361,1
10392,43362,1
10393,43363,1
10394,43364,1
10395,43365,1
10396,43366,1
10397,43367,1
10398,43368,1
10399,43369,1
10400,43370,1
10401,43371,1
10402,43372,1
10403,43373,1
10404,43374,1
10405,43375,1
10406,43376,1
10407,43377,1
10408,43378,1
10409,43379,1
10410,43380,1
10411,43381,1
10412,43382,1
10413,43383,1
10414,43384,1
10415,43385,1
10416,43386,1
10417,43387,1
10418,43388,1
10419,43389,1
10420,43390,1
10421,43391,1
10422,43392,1
10423,43393,1
10424,43394,1
10425,43395,1
10426,43396,1
10427,43397,1
10428,43398,1
10429,43399,1
10430,43400,1
10431,43401,1
10432,43402,1
10433,43403,1
10434,43404,1
10435,43405,1
10436,43406,1
10437,43407,1
10438,43408,1
10439,43409,1
10440,43410,1
10441,43411,1
10442,43412,1
10443,43413,1
10444,43414,1
10445,43415,1
10446,43416,1
10447,43417,1
10448,43418,1
10449,43419,1
10450,43420,1
10451,43421,1
10452,43422,1
10453,43423,1
10454,43424,1
10455,43425,1
10456,43426,1
10457,43427,1
10458,43428,1
10459,43429,1
10460,43430,1
10461,43431,1
10462,43432,1
10463,43433,1
10464,43434,1
10465,43435,1
10466,43436,1
10467,43437,1
10468,43438,1
10469,43439,1
10470,43440,1
10471,43441,1
10472,43442,1
10473,43443,1
10474,43444,1
10475,43445,1
10476,43446,1
10477,43447,1
10478,43448,1
10479,43449,1
10480,43450,1
10481,43451,1
10482,43452,1
10483,43453,1
10484,43454,1
10485,43455,1
10486,43456,1
10487,43457,1
10488,43458,1
10489,43459,1
10490,43460,1
10491,43461,1
10492,43462,1
10493,43463,1
10494,43464,1
10495,43465,1
10496,43466,1
10497,43467,1
10498,43468,1
10499,43469,1
10500,43470,1
10501,43471,1
10502,43472,1
10503,43473,1
10504,43474,1
10505,43475,1
10506,43476,1
10507,43477,1
10508,43478,1
10509,43479,1
10510,43480,1
10511,43481,1
10512,43482,1
10513,43483,1
10514,43484,1
10515,43485,1
10516,43486,1
10517,43487,1
10518,43488,1
10519,43489,1
10520,43490,1
10521,43491,1
10522,43492,1
10523,43493,1
10524,43494,1
10525,43495,1
10526,43496,1
10527,43497,1
10528,43498,1
10529,43499,1
10530,43500,1
10531,43501,1
10532,43502,1
10533,43503,1
10534,43504,1
10535,43505,1
10536,43506,1
10537,43507,1
10538,43508,1
10539,43509,1
10540,43510,1
10541,43511,1
10542,43512,1
10543,43513,1
10544,43514,1
10545,43515,1
10546,43516,1
10547,43517,1
10548,43518,1
10549,43519,1
10550,43520,1
10551,43521,1
10552,43522,1
10553,43523,1
10554,43524,1
10555,43525,1
10556,43526,1
10557,43527,1
10558,43528,1
10559,43529,1
10560,43530,1
10561,43531,1
10562,43532,1
10563,43533,1
10564,43534,1
10565,43535,1
10566,43536,1
10567,43537,1
10568,43538,1
10569,43539,1
10570,43540,1
10571,43541,1
10572,43542,1
10573,43543,1
10574,43544,1
10575,43545,1
10576,43546,1
10577,43547,1
10578,43548,1
10579,43549,1
10580,43550,1
10581,43551,1
10582,43552,1
10583,43553,1
10584,43554,1
10585,43555,1
10586,43556,1
10587,43557,1
10588,43558,1
10589,43559,1
10590,43560,1
10591,43561,1
10592,43562,1
10593,43563,1
10594,43564,1
10595,43565,1
10596,43566,1
10597,43567,1
10598,43568,1
10599,43569,1
10600,43570,1
10601,43571,1
10602,43572,1
10603,43573,1
10604,43574,1
10605,43575,1
10606,43576,1
10607,43577,1
10608,43578,1
10609,43579,1
10610,43580,1
10611,43581,1
10612,43582,1
10613,43583,1
10614,43584,1
10615,43585,1
10616,43586,1
10617,43587,1
10618,43588,1
10619,43589,1
10620,43590,1
10621,43591,1
10622,43592,1
10623,43593,1
10624,43594,1
10625,43595,1
10626,43596,1
10627,43597,1
10628,43598,1
10629,43599,1
10630,43600,1
10631,43601,1
10632,43602,1
10633,43603,1
10634,43604,1
10635,43605,1
10636,43606,1
10637,43607,1
10638,43608,1
10639,43609,1
10640,43610,1
10641,43611,1
10642,43612,1
10643,43613,1
10644,43614,1
10645,43615,1
10646,43616,1
10647,43617,1
10648,43618,1
10649,43619,1
10650,43620,1
10651,43621,1
10652,43622,1
10653,43623,1
10654,43624,1
10655,43625,1
10656,43626,1
10657,43627,1
10658,43628,1
10659,43629,1
10660,43630,1
10661,43631,1
10662,43632,1
10663,43633,1
10664,43634,1
10665,43635,1
10666,43636,1
10667,43637,1
10668,43638,1
10669,43639,1
10670,43640,1
10671,43641,1
10672,43642,1
10673,43643,1
10674,43644,1
10675,43645,1
10676,43646,1
10677,43647,1
10678,43648,1
10679,43649,1
10680,43650,1
10681,43651,1
10682,43652,1
10683,43653,1
10684,43654,1
10685,43655,1
10686,43656,1
10687,43657,1
10688,43658,1
10689,43659,1
10690,43660,1
10691,43661,1
10692,43662,1
10693,43663,1
10694,43664,1
10695,43665,1
10696,43666,1
10697,43667,1
10698,43668,1
10699,43669,1
10700,43670,1
10701,43671,1
10702,43672,1
10703,43673,1
10704,43674,1
10705,43675,1
10706,43676,1
10707,43677,1
10708,43678,1
10709,43679,1
10710,43680,1
10711,43681,1
10712,43682,1
10713,43683,1
10714,43684,1
10715,43685,1
10716,43686,1
10717,43687,1
10718,43688,1
10719,43689,1
10720,43690,1
10721,43691,1
10722,43692,1
10723,43693,1
10724,43694,1
10725,43695,1
10726,43696,1
10727,43697,1
10728,43698,1
10729,43699,1
10730,43700,1
10731,43701,1
10732,43702,1
10733,43703,1
10734,43704,1
10735,43705,1
10736,43706,1
10737,43707,1
10738,43708,1
10739,43709,1
10740,43710,1
10741,43711,1
10742,43712,1
10743,43713,1
10744,43714,1
10745,43715,1
10746,43716,1
10747,43717,1
10748,43718,1
10749,43719,1
10750,43720,1
10751,43721,1
10752,43722,1
10753,43723,1
10754,43724,1
10755,43725,1
10756,43726,1
10757,43727,1
10758,43728,1
10759,43729,1
10760,43730,1
10761,43731,1
10762,43732,1
10763,43733,1
10764,43734,1
10765,43735,1
10766,43736,1
10767,43737,1
10768,43738,1
10769,43739,1
10770,43740,1
10771,43741,1
10772,43742,1
10773,43743,1
10774,43744,1
10775,43745,1
10776,43746,1
10777,43747,1
10778,43748,1
10779,43749,1
10780,43750,1
10781,43751,1
10782,43752,1
10783,43753,1
10784,43754,1
10785,43755,1
10786,43756,1
10787,43757,1
10788,43758,1
10789,43759,1
10790,43760,1
10791,43761,1
10792,43762,1
10793,43763,1
10794,43764,1
10795,43765,1
10796,43766,1
10797,43767,1
10798,43768,1
10799,43769,1
10800,43770,1
10801,43771,1
10802,43772,1
10803,43773,1
10804,43774,1
10805,43775,1
10806,43776,1
10807,43777,1
10808,43778,1
10809,43779,1
10810,43780,1
10811,43781,1
10812,43782,1
10813,43783,1
10814,43784,1
10815,43785,1
10816,43786,1
10817,43787,1
10818,43788,1
10819,43789,1
10820,43790,1
10821,43791,1
10822,43792,1
10823,43793,1
10824,43794,1
10825,43795,1
10826,43796,1
10827,43797,1
10828,43798,1
10829,43799,1
10830,43800,1
10831,43801,1
10832,43802,1
10833,43803,1
10834,43804,1
10835,43805,1
10836,43806,1
10837,43807,1
10838,43808,1
10839,43809,1
10840,43810,1
10841,43811,1
10842,43812,1
10843,43813,1
10844,43814,1
10845,43815,1
10846,43816,1
10847,43817,1
10848,43818,1
10849,43819,1
10850,43820,1
10851,43821,1
10852,43822,1
10853,43823,1
10854,43824,1
10855,43825,1
10856,43826,1
10857,43827,1
10858,43828,1
10859,43829,1
10860,43830,1
10861,43831,1
10862,43832,1
10863,43833,1
10864,43834,1
10865,43835,1
10866,43836,1
10867,43837,1
10868,43838,1
10869,43839,1
10870,43840,1
10871,43841,1
10872,43842,1
10873,43843,1
10874,43844,1
10875,43845,1
10876,43846,1
10877,43847,1
10878,43848,1
10879,43849,1
10880,43850,1
10881,43851,1
10882,43852,1
10883,43853,1
10884,43854,1
10885,43855,1
10886,43856,1
10887,43857,1
10888,43858,1
10889,43859,1
10890,43860,1
10891,43861,1
10892,43862,1
10893,43863,1
10894,43864,1
10895,43865,1
10896,43866,1
10897,43867,1
10898,43868,1
10899,43869,1
10900,43870,1
10901,43871,1
10902,43872,1
10903,43873,1
10904,43874,1
10905,43875,1
10906,43876,1
10907,43877,1
10908,43878,1
10909,43879,1
10910,43880,1
10911,43881,1
10912,43882,1
10913,43883,1
10914,43884,1
10915,43885,1
10916,43886,1
10917,43887,1
10918,43888,1
10919,43889,1
10920,43890,1
10921,43891,1
10922,43892,1
10923,43893,1
10924,43894,1
10925,43895,1
10926,43896,1
10927,43897,1
10928,43898,1
10929,43899,1
10930,43900,1
10931,43901,1
10932,43902,1
10933,43903,1
10934,43904,1
10935,43905,1
10936,43906,1
10937,43907,1
10938,43908,1
10939,43909,1
10940,43910,1
10941,43911,1
10942,43912,1
10943,43913,1
10944,43914,1
10945,43915,1
10946,43916,1
10947,43917,1
10948,43918,1
10949,43919,1
10950,43920,1
10951,43921,1
10952,43922,1
10953,43923,1
10954,43924,1
10955,43925,1
10956,43926,1
10957,43927,1
10958,43928,1
10959,43929,1
10960,43930,1
10961,43931,1
10962,43932,1
10963,43933,1
10964,43934,1
10965,43935,1
10966,43936,1
10967,43937,1
10968,43938,1
10969,43939,1
10970,43940,1
10971,43941,1
10972,43942,1
10973,43943,1
10974,43944,1
10975,43945,1
10976,43946,1
10977,43947,1
10978,43948,1
10979,43949,1
10980,43950,1
10981,43951,1
10982,43952,1
10983,43953,1
10984,43954,1
10985,43955,1
10986,43956,1
10987,43957,1
10988,43958,1
10989,43959,1
10990,43960,1
10991,43961,1
10992,43962,1
10993,43963,1
10994,43964,1
10995,43965,1
10996,43966,1
10997,43967,1
10998,43968,1
10999,43969,1
11000,43970,1
11001,43971,1
11002,43972,1
11003,43973,1
11004,43974,1
11005,43975,1
11006,43976,1
11007,43977,1
11008,43978,1
11009,43979,1
11010,43980,1
11011,43981,1
11012,43982,1
11013,43983,1
11014,43984,1
11015,43985,1
11016,43986,1
11017,43987,1
11018,43988,1
11019,43989,1
11020,43990,1
11021,43991,1
11022,43992,1
11023,43993,1
11024,43994,1
11025,43995,1
11026,43996,1
11027,43997,1
11028,43998,1
11029,43999,1
11030,44000,1
11031,44001,1
11032,44002,1
11033,44003,1
11034,44004,1
11035,44005,1
11036,44006,1
11037,44007,1
11038,44008,1
11039,44009,1
11040,44010,1
11041,44011,1
11042,44012,1
11043,44013,1
11044,44014,1
11045,44015,1
11046,44016,1
11047,44017,1
11048,44018,1
11049,44019,1
11050,44020,1
11051,44021,1
11052,44022,1
11053,44023,1
11054,44024,1
11055,44025,1
11056,44026,1
11057,44027,1
11058,44028,1
11059,44029,1
11060,44030,1
11061,44031,1
11062,44032,1
11063,44033,1
11064,44034,1
11065,44035,1
11066,44036,1
11067,44037,1
11068,44038,1
11069,44039,1
11070,44040,1
11071,44041,1
11072,44042,1
11073,44043,1
11074,44044,1
11075,44045,1
11076,44046,1
11077,44047,1
11078,44048,1
11079,44049,1
11080,44050,1
11081,44051,1
11082,44052,1
11083,44053,1
11084,44054,1
11085,44055,1
11086,44056,1
11087,44057,1
11088,44058,1
11089,44059,1
11090,44060,1
11091,44061,1
11092,44062,1
11093,44063,1
11094,44064,1
11095,44065,1
11096,44066,1
11097,44067,1
11098,44068,1
11099,44069,1
11100,44070,1
11101,44071,1
11102,44072,1
11103,44073,1
11104,44074,1
11105,44075,1
11106,44076,1
11107,44077,1
11108,44078,1
11109,44079,1
11110,44080,1
11111,44081,1
11112,44082,1
11113,44083,1
11114,44084,1
11115,44085,1
11116,44086,1
11117,44087,1
11118,44088,1
11119,44089,1
11120,44090,1
11121,44091,1
11122,44092,1
11123,44093,1
11124,44094,1
11125,44095,1
11126,44096,1
11127,44097,1
11128,44098,1
11129,44099,1
11130,44100,1
11131,44101,1
11132,44102,1
11133,44103,1
11134,44104,1
11135,44105,1
11136,44106,1
11137,44107,1
11138,44108,1
11139,44109,1
11140,44110,1
11141,44111,1
11142,44112,1
11143,44113,1
11144,44114,1
11145,44115,1
11146,44116,1
11147,44117,1
11148,44118,1
11149,44119,1
11150,44120,1
11151,44121,1
11152,44122,1
11153,44123,1
11154,44124,1
11155,44125,1
11156,44126,1
11157,44127,1
11158,44128,1
11159,44129,1
11160,44130,1
11161,44131,1
11162,44132,1
11163,44133,1
11164,44134,1
11165,44135,1
11166,44136,1
11167,44137,1
11168,44138,1
11169,44139,1
11170,44140,1
11171,44141,1
11172,44142,1
11173,44143,1
11174,44144,1
11175,44145,1
11176,44146,1
11177,44147,1
11178,44148,1
11179,44149,1
11180,44150,1
11181,44151,1
11182,44152,1
11183,44153,1
11184,44154,1
11185,44155,1
11186,44156,1
11187,44157,1
11188,44158,1
11189,44159,1
11190,44160,1
11191,44161,1
11192,44162,1
11193,44163,1
11194,44164,1
11195,44165,1
11196,44166,1
11197,44167,1
11198,44168,1
11199,44169,1
11200,44170,1
11201,44171,1
11202,44172,1
11203,44173,1
11204,44174,1
11205,44175,1
11206,44176,1
11207,44177,1
11208,44178,1
11209,44179,1
11210,44180,1
11211,44181,1
11212,44182,1
11213,44183,1
11214,44184,1
11215,44185,1
11216,44186,1
11217,44187,1
11218,44188,1
11219,44189,1
11220,44190,1
11221,44191,1
11222,44192,1
11223,44193,1
11224,44194,1
11225,44195,1
11226,44196,1
11227,44197,1
11228,44198,1
11229,44199,1
11230,44200,1
11231,44201,1
11232,44202,1
11233,44203,1
11234,44204,1
11235,44205,1
11236,44206,1
11237,44207,1
11238,44208,1
11239,44209,1
11240,44210,1
11241,44211,1
11242,44212,1
11243,44213,1
11244,44214,1
11245,44215,1
11246,44216,1
11247,44217,1
11248,44218,1
11249,44219,1
11250,44220,1
11251,44221,1
11252,44222,1
11253,44223,1
11254,44224,1
11255,44225,1
11256,44226,1
11257,44227,1
11258,44228,1
11259,44229,1
11260,44230,1
11261,44231,1
11262,44232,1
11263,44233,1
11264,44234,1
11265,44235,1
11266,44236,1
11267,44237,1
11268,44238,1
11269,44239,1
11270,44240,1
11271,44241,1
11272,44242,1
11273,44243,1
11274,44244,1
11275,44245,1
11276,44246,1
11277,44247,1
11278,44248,1
11279,44249,1
11280,44250,1
11281,44251,1
11282,44252,1
11283,44253,1
11284,44254,1
11285,44255,1
11286,44256,1
11287,44257,1
11288,44258,1
11289,44259,1
11290,44260,1
11291,44261,1
11292,44262,1
11293,44263,1
11294,44264,1
11295,44265,1
11296,44266,1
11297,44267,1
11298,44268,1
11299,44269,1
11300,44270,1
11301,44271,1
11302,44272,1
11303,44273,1
11304,44274,1
11305,44275,1
11306,44276,1
11307,44277,1
11308,44278,1
11309,44279,1
11310,44280,1
11311,44281,1
11312,44282,1
11313,44283,1
11314,44284,1
11315,44285,1
11316,44286,1
11317,44287,1
11318,44288,1
11319,44289,1
11320,44290,1
11321,44291,1
11322,44292,1
11323,44293,1
11324,44294,1
11325,44295,1
11326,44296,1
11327,44297,1
11328,44298,1
11329,44299,1
11330,44300,1
11331,44301,1
11332,44302,1
11333,44303,1
11334,44304,1
11335,44305,1
11336,44306,1
11337,44307,1
11338,44308,1
11339,44309,1
11340,44310,1
11341,44311,1
11342,44312,1
11343,44313,1
11344,44314,1
11345,44315,1
11346,44316,1
11347,44317,1
11348,44318,1
11349,44319,1
11350,44320,1
11351,44321,1
11352,44322,1
11353,44323,1
11354,44324,1
11355,44325,1
11356,44326,1
11357,44327,1
11358,44328,1
11359,44329,1
11360,44330,1
11361,44331,1
11362,44332,1
11363,44333,1
11364,44334,1
11365,44335,1
11366,44336,1
11367,44337,1
11368,44338,1
11369,44339,1
11370,44340,1
11371,44341,1
11372,44342,1
11373,44343,1
11374,44344,1
11375,44345,1
11376,44346,1
11377,44347,1
11378,44348,1
11379,44349,1
11380,44350,1
11381,44351,1
11382,44352,1
11383,44353,1
11384,44354,1
11385,44355,1
11386,44356,1
11387,44357,1
11388,44358,1
11389,44359,1
11390,44360,1
11391,44361,1
11392,44362,1
11393,44363,1
11394,44364,1
11395,44365,1
11396,44366,1
11397,44367,1
11398,44368,1
11399,44369,1
11400,44370,1
11401,44371,1
11402,44372,1
11403,44373,1
11404,44374,1
11405,44375,1
11406,44376,1
11407,44377,1
11408,44378,1
11409,44379,1
11410,44380,1
11411,44381,1
11412,44382,1
11413,44383,1
11414,44384,1
11415,44385,1
11416,44386,1
11417,44387,1
11418,44388,1
11419,44389,1
11420,44390,1
11421,44391,1
11422,44392,1
11423,44393,1
11424,44394,1
11425,44395,1
11426,44396,1
11427,44397,1
11428,44398,1
11429,44399,1
11430,44400,1
11431,44401,1
11432,44402,1
11433,44403,1
11434,44404,1
11435,44405,1
11436,44406,1
11437,44407,1
11438,44408,1
11439,44409,1
11440,44410,1
11441,44411,1
11442,44412,1
11443,44413,1
11444,44414,1
11445,44415,1
11446,44416,1
11447,44417,1
11448,44418,1
11449,44419,1
11450,44420,1
11451,44421,1
11452,44422,1
11453,44423,1
11454,44424,1
11455,44425,1
11456,44426,1
11457,44427,1
11458,44428,1
11459,44429,1
11460,44430,1
11461,44431,1
11462,44432,1
11463,44433,1
11464,44434,1
11465,44435,1
11466,44436,1
11467,44437,1
11468,44438,1
11469,44439,1
11470,44440,1
11471,44441,1
11472,44442,1
11473,44443,1
11474,44444,1
11475,44445,1
11476,44446,1
11477,44447,1
11478,44448,1
11479,44449,1
11480,44450,1
11481,44451,1
11482,44452,1
11483,44453,1
11484,44454,1
11485,44455,1
11486,44456,1
11487,44457,1
11488,44458,1
11489,44459,1
11490,44460,1
11491,44461,1
11492,44462,1
11493,44463,1
11494,44464,1
11495,44465,1
11496,44466,1
11497,44467,1
11498,44468,1
11499,44469,1
11500,44470,1
11501,44471,1
11502,44472,1
11503,44473,1
11504,44474,1
11505,44475,1
11506,44476,1
11507,44477,1
11508,44478,1
11509,44479,1
11510,44480,1
11511,44481,1
11512,44482,1
11513,44483,1
11514,44484,1
11515,44485,1
11516,44486,1
11517,44487,1
11518,44488,1
11519,44489,1
11520,44490,1
11521,44491,1
11522,44492,1
11523,44493,1
11524,44494,1
11525,44495,1
11526,44496,1
11527,44497,1
11528,44498,1
11529,44499,1
11530,44500,1
11531,44501,1
11532,44502,1
11533,44503,1
11534,44504,1
11535,44505,1
11536,44506,1
11537,44507,1
11538,44508,1
11539,44509,1
11540,44510,1
11541,44511,1
11542,44512,1
11543,44513,1
11544,44514,1
11545,44515,1
11546,44516,1
11547,44517,1
11548,44518,1
11549,44519,1
11550,44520,1
11551,44521,1
11552,44522,1
11553,44523,1
11554,44524,1
11555,44525,1
11556,44526,1
11557,44527,1
11558,44528,1
11559,44529,1
11560,44530,1
11561,44531,1
11562,44532,1
11563,44533,1
11564,44534,1
11565,44535,1
11566,44536,1
11567,44537,1
11568,44538,1
11569,44539,1
11570,44540,1
11571,44541,1
11572,44542,1
11573,44543,1
11574,44544,1
11575,44545,1
11576,44546,1
11577,44547,1
11578,44548,1
11579,44549,1
11580,44550,1
11581,44551,1
11582,44552,1
11583,44553,1
11584,44554,1
11585,44555,1
11586,44556,1
11587,44557,1
11588,44558,1
11589,44559,1
11590,44560,1
11591,44561,1
11592,44562,1
11593,44563,1
11594,44564,1
11595,44565,1
11596,44566,1
11597,44567,1
11598,44568,1
11599,44569,1
11600,44570,1
11601,44571,1
11602,44572,1
11603,44573,1
11604,44574,1
11605,44575,1
11606,44576,1
11607,44577,1
11608,44578,1
11609,44579,1
11610,44580,1
11611,44581,1
11612,44582,1
11613,44583,1
11614,44584,1
11615,44585,1
11616,44586,1
11617,44587,1
11618,44588,1
11619,44589,1
11620,44590,1
11621,44591,1
11622,44592,1
11623,44593,1
11624,44594,1
11625,44595,1
11626,44596,1
11627,44597,1
11628,44598,1
11629,44599,1
11630,44600,1
11631,44601,1
11632,44602,1
11633,44603,1
11634,44604,1
11635,44605,1
11636,44606,1
11637,44607,1
11638,44608,1
11639,44609,1
11640,44610,1
11641,44611,1
11642,44612,1
11643,44613,1
11644,44614,1
11645,44615,1
11646,44616,1
11647,44617,1
11648,44618,1
11649,44619,1
11650,44620,1
11651,44621,1
11652,44622,1
11653,44623,1
11654,44624,1
11655,44625,1
11656,44626,1
11657,44627,1
11658,44628,1
11659,44629,1
11660,44630,1
11661,44631,1
11662,44632,1
11663,44633,1
11664,44634,1
11665,44635,1
11666,44636,1
11667,44637,1
11668,44638,1
11669,44639,1
11670,44640,1
11671,44641,1
11672,44642,1
11673,44643,1
11674,44644,1
11675,44645,1
11676,44646,1
11677,44647,1
11678,44648,1
11679,44649,1
11680,44650,1
11681,44651,1
11682,44652,1
11683,44653,1
11684,44654,1
11685,44655,1
11686,44656,1
11687,44657,1
11688,44658,1
11689,44659,1
11690,44660,1
11691,44661,1
11692,44662,1
11693,44663,1
11694,44664,1
11695,44665,1
11696,44666,1
11697,44667,1
11698,44668,1
11699,44669,1
11700,44670,1
11701,44671,1
11702,44672,1
11703,44673,1
11704,44674,1
11705,44675,1
11706,44676,1
11707,44677,1
11708,44678,1
11709,44679,1
11710,44680,1
11711,44681,1
11712,44682,1
11713,44683,1
11714,44684,1
11715,44685,1
11716,44686,1
11717,44687,1
11718,44688,1
11719,44689,1
11720,44690,1
11721,44691,1
11722,44692,1
11723,44693,1
11724,44694,1
11725,44695,1
11726,44696,1
11727,44697,1
11728,44698,1
11729,44699,1
11730,44700,1
11731,44701,1
11732,44702,1
11733,44703,1
11734,44704,1
11735,44705,1
11736,44706,1
11737,44707,1
11738,44708,1
11739,44709,1
11740,44710,1
11741,44711,1
11742,44712,1
11743,44713,1
11744,44714,1
11745,44715,1
11746,44716,1
11747,44717,1
11748,44718,1
11749,44719,1
11750,44720,1
11751,44721,1
11752,44722,1
11753,44723,1
11754,44724,1
11755,44725,1
11756,44726,1
11757,44727,1
11758,44728,1
11759,44729,1
11760,44730,1
11761,44731,1
11762,44732,1
11763,44733,1
11764,44734,1
11765,44735,1
11766,44736,1
11767,44737,1
11768,44738,1
11769,44739,1
11770,44740,1
11771,44741,1
11772,44742,1
11773,44743,1
11774,44744,1
11775,44745,1
11776,44746,1
11777,44747,1
11778,44748,1
11779,44749,1
11780,44750,1
11781,44751,1
11782,44752,1
11783,44753,1
11784,44754,1
11785,44755,1
11786,44756,1
11787,44757,1
11788,44758,1
11789,44759,1
11790,44760,1
11791,44761,1
11792,44762,1
11793,44763,1
11794,44764,1
11795,44765,1
11796,44766,1
11797,44767,1
11798,44768,1
11799,44769,1
11800,44770,1
11801,44771,1
11802,44772,1
11803,44773,1
11804,44774,1
11805,44775,1
11806,44776,1
11807,44777,1
11808,44778,1
11809,44779,1
11810,44780,1
11811,44781,1
11812,44782,1
11813,44783,1
11814,44784,1
11815,44785,1
11816,44786,1
11817,44787,1
11818,44788,1
11819,44789,1
11820,44790,1
11821,44791,1
11822,44792,1
11823,44793,1
11824,44794,1
11825,44795,1
11826,44796,1
11827,44797,1
11828,44798,1
11829,44799,1
11830,44800,1
11831,44801,1
11832,44802,1
11833,44803,1
11834,44804,1
11835,44805,1
11836,44806,1
11837,44807,1
11838,44808,1
11839,44809,1
11840,44810,1
11841,44811,1
11842,44812,1
11843,44813,1
11844,44814,1
11845,44815,1
11846,44816,1
11847,44817,1
11848,44818,1
11849,44819,1
11850,44820,1
11851,44821,1
11852,44822,1
11853,44823,1
11854,44824,1
11855,44825,1
11856,44826,1
11857,44827,1
11858,44828,1
11859,44829,1
11860,44830,1
11861,44831,1
11862,44832,1
11863,44833,1
11864,44834,1
11865,44835,1
11866,44836,1
11867,44837,1
11868,44838,1
11869,44839,1
11870,44840,1
11871,44841,1
11872,44842,1
11873,44843,1
11874,44844,1
11875,44845,1
11876,44846,1
11877,44847,1
11878,44848,1
11879,44849,1
11880,44850,1
11881,44851,1
11882,44852,1
11883,44853,1
11884,44854,1
11885,44855,1
11886,44856,1
11887,44857,1
11888,44858,1
11889,44859,1
11890,44860,1
11891,44861,1
11892,44862,1
11893,44863,1
11894,44864,1
11895,44865,1
11896,44866,1
11897,44867,1
11898,44868,1
11899,44869,1
11900,44870,1
11901,44871,1
11902,44872,1
11903,44873,1
11904,44874,1
11905,44875,1
11906,44876,1
11907,44877,1
11908,44878,1
11909,44879,1
11910,44880,1
11911,44881,1
11912,44882,1
11913,44883,1
11914,44884,1
11915,44885,1
11916,44886,1
11917,44887,1
11918,44888,1
11919,44889,1
11920,44890,1
11921,44891,1
11922,44892,1
11923,44893,1
11924,44894,1
11925,44895,1
11926,44896,1
11927,44897,1
11928,44898,1
11929,44899,1
11930,44900,1
11931,44901,1
11932,44902,1
11933,44903,1
11934,44904,1
11935,44905,1
11936,44906,1
11937,44907,1
11938,44908,1
11939,44909,1
11940,44910,1
11941,44911,1
11942,44912,1
11943,44913,1
11944,44914,1
11945,44915,1
11946,44916,1
11947,44917,1
11948,44918,1
11949,44919,1
11950,44920,1
11951,44921,1
11952,44922,1
11953,44923,1
11954,44924,1
11955,44925,1
11956,44926,1
11957,44927,1
11958,44928,1
11959,44929,1
11960,44930,1
11961,44931,1
11962,44932,1
11963,44933,1
11964,44934,1
11965,44935,1
11966,44936,1
11967,44937,1
11968,44938,1
11969,44939,1
11970,44940,1
11971,44941,1
11972,44942,1
11973,44943,1
11974,44944,1
11975,44945,1
11976,44946,1
11977,44947,1
11978,44948,1
11979,44949,1
11980,44950,1
11981,44951,1
11982,44952,1
11983,44953,1
11984,44954,1
11985,44955,1
11986,44956,1
11987,44957,1
11988,44958,1
11989,44959,1
11990,44960,1
11991,44961,1
11992,44962,1
11993,44963,1
11994,44964,1
11995,44965,1
11996,44966,1
11997,44967,1
11998,44968,1
11999,44969,1
12000,44970,1
12001,44971,1
12002,44972,1
12003,44973,1
12004,44974,1
12005,44975,1
12006,44976,1
12007,44977,1
12008,44978,1
12009,44979,1
12010,44980,1
12011,44981,1
12012,44982,1
12013,44983,1
12014,44984,1
12015,44985,1
12016,44986,1
12017,44987,1
12018,44988,1
12019,44989,1
12020,44990,1
12021,44991,1
12022,44992,1
12023,44993,1
12024,44994,1
12025,44995,1
12026,44996,1
12027,44997,1
12028,44998,1
12029,44999,1
12030,45000,1
12031,45001,1
12032,45002,1
12033,45003,1
12034,45004,1
12035,45005,1
12036,45006,1
12037,45007,1
12038,45008,1
12039,45009,1
12040,45010,1
12041,45011,1
12042,45012,1
12043,45013,1
12044,45014,1
12045,45015,1
12046,45016,1
12047,45017,1
12048,45018,1
12049,45019,1
12050,45020,1
12051,45021,1
12052,45022,1
12053,45023,1
12054,45024,1
12055,45025,1
12056,45026,1
12057,45027,1
12058,45028,1
12059,45029,1
12060,45030,1
12061,45031,1
12062,45032,1
12063,45033,1
12064,45034,1
12065,45035,1
12066,45036,1
12067,45037,1
12068,45038,1
12069,45039,1
12070,45040,1
12071,45041,1
12072,45042,1
12073,45043,1
12074,45044,1
12075,45045,1
12076,45046,1
12077,45047,1
12078,45048,1
12079,45049,1
12080,45050,1
12081,45051,1
12082,45052,1
12083,45053,1
12084,45054,1
12085,45055,1
12086,45056,1
12087,45057,1
12088,45058,1
12089,45059,1
12090,45060,1
12091,45061,1
12092,45062,1
12093,45063,1
12094,45064,1
12095,45065,1
12096,45066,1
12097,45067,1
12098,45068,1
12099,45069,1
12100,45070,1
12101,45071,1
12102,45072,1
12103,45073,1
12104,45074,1
12105,45075,1
12106,45076,1
12107,45077,1
12108,45078,1
12109,45079,1
12110,45080,1
12111,45081,1
12112,45082,1
12113,45083,1
12114,45084,1
12115,45085,1
12116,45086,1
12117,45087,1
12118,45088,1
12119,45089,1
12120,45090,1
12121,45091,1
12122,45092,1
12123,45093,1
12124,45094,1
12125,45095,1
12126,45096,1
12127,45097,1
12128,45098,1
12129,45099,1
12130,45100,1
12131,45101,1
12132,45102,1
12133,45103,1
12134,45104,1
12135,45105,1
12136,45106,1
12137,45107,1
12138,45108,1
12139,45109,1
12140,45110,1
12141,45111,1
12142,45112,1
12143,45113,1
12144,45114,1
12145,45115,1
12146,45116,1
12147,45117,1
12148,45118,1
12149,45119,1
12150,45120,1
12151,45121,1
12152,45122,1
12153,45123,1
12154,45124,1
12155,45125,1
12156,45126,1
12157,45127,1
12158,45128,1
12159,45129,1
12160,45130,1
12161,45131,1
12162,45132,1
12163,45133,1
12164,45134,1
12165,45135,1
12166,45136,1
12167,45137,1
12168,45138,1
12169,45139,1
12170,45140,1
12171,45141,1
12172,45142,1
12173,45143,1
12174,45144,1
12175,45145,1
12176,45146,1
12177,45147,1
12178,45148,1
12179,45149,1
12180,45150,1
12181,45151,1
12182,45152,1
12183,45153,1
12184,45154,1
12185,45155,1
12186,45156,1
12187,45157,1
12188,45158,1
12189,45159,1
12190,45160,1
12191,45161,1
12192,45162,1
12193,45163,1
12194,45164,1
12195,45165,1
12196,45166,1
12197,45167,1
12198,45168,1
12199,45169,1
12200,45170,1
12201,45171,1
12202,45172,1
12203,45173,1
12204,45174,1
12205,45175,1
12206,45176,1
12207,45177,1
12208,45178,1
12209,45179,1
12210,45180,1
12211,45181,1
12212,45182,1
12213,45183,1
12214,45184,1
12215,45185,1
12216,45186,1
12217,45187,1
12218,45188,1
12219,45189,1
12220,45190,1
12221,45191,1
12222,45192,1
12223,45193,1
12224,45194,1
12225,45195,1
12226,45196,1
12227,45197,1
12228,45198,1
12229,45199,1
12230,45200,1
12231,45201,1
12232,45202,1
12233,45203,1
12234,45204,1
12235,45205,1
12236,45206,1
12237,45207,1
12238,45208,1
12239,45209,1
12240,45210,1
12241,45211,1
12242,45212,1
12243,45213,1
12244,45214,1
12245,45215,1
12246,45216,1
12247,45217,1
12248,45218,1
12249,45219,1
12250,45220,1
12251,45221,1
12252,45222,1
12253,45223,1
12254,45224,1
12255,45225,1
12256,45226,1
12257,45227,1
12258,45228,1
12259,45229,1
12260,45230,1
12261,45231,1
12262,45232,1
12263,45233,1
12264,45234,1
12265,45235,1
12266,45236,1
12267,45237,1
12268,45238,1
12269,45239,1
12270,45240,1
12271,45241,1
12272,45242,1
12273,45243,1
12274,45244,1
12275,45245,1
12276,45246,1
12277,45247,1
12278,45248,1
12279,45249,1
12280,45250,1
12281,45251,1
12282,45252,1
12283,45253,1
12284,45254,1
12285,45255,1
12286,45256,1
12287,45257,1
12288,45258,1
12289,45259,1
12290,45260,1
12291,45261,1
12292,45262,1
12293,45263,1
12294,45264,1
12295,45265,1
12296,45266,1
12297,45267,1
12298,45268,1
12299,45269,1
12300,45270,1
12301,45271,1
12302,45272,1
12303,45273,1
12304,45274,1
12305,45275,1
12306,45276,1
12307,45277,1
12308,45278,1
12309,45279,1
12310,45280,1
12311,45281,1
12312,45282,1
12313,45283,1
12314,45284,1
12315,45285,1
12316,45286,1
12317,45287,1
12318,45288,1
12319,45289,1
12320,45290,1
12321,45291,1
12322,45292,1
12323,45293,1
12324,45294,1
12325,45295,1
12326,45296,1
12327,45297,1
12328,45298,1
12329,45299,1
12330,45300,1
12331,45301,1
12332,45302,1
12333,45303,1
12334,45304,1
12335,45305,1
12336,45306,1
12337,45307,1
12338,45308,1
12339,45309,1
12340,45310,1
12341,45311,1
12342,45312,1
12343,45313,1
12344,45314,1
12345,45315,1
12346,45316,1
12347,45317,1
12348,45318,1
12349,45319,1
12350,45320,1
12351,45321,1
12352,45322,1
12353,45323,1
12354,45324,1
12355,45325,1
12356,45326,1
12357,45327,1
12358,45328,1
12359,45329,1
12360,45330,1
12361,45331,1
12362,45332,1
12363,45333,1
12364,45334,1
12365,45335,1
12366,45336,1
12367,45337,1
12368,45338,1
12369,45339,1
12370,45340,1
12371,45341,1
12372,45342,1
12373,45343,1
12374,45344,1
12375,45345,1
12376,45346,1
12377,45347,1
12378,45348,1
12379,45349,1
12380,45350,1
12381,45351,1
12382,45352,1
12383,45353,1
12384,45354,1
12385,45355,1
12386,45356,1
12387,45357,1
12388,45358,1
12389,45359,1
12390,45360,1
12391,45361,1
12392,45362,1
12393,45363,1
12394,45364,1
12395,45365,1
12396,45366,1
12397,45367,1
12398,45368,1
12399,45369,1
12400,45370,1
12401,45371,1
12402,45372,1
12403,45373,1
12404,45374,1
12405,45375,1
12406,45376,1
12407,45377,1
12408,45378,1
12409,45379,1
12410,45380,1
12411,45381,1
12412,45382,1
12413,45383,1
12414,45384,1
12415,45385,1
12416,45386,1
12417,45387,1
12418,45388,1
12419,45389,1
12420,45390,1
12421,45391,1
12422,45392,1
12423,45393,1
12424,45394,1
12425,45395,1
12426,45396,1
12427,45397,1
12428,45398,1
12429,45399,1
12430,45400,1
12431,45401,1
12432,45402,1
12433,45403,1
12434,45404,1
12435,45405,1
12436,45406,1
12437,45407,1
12438,45408,1
12439,45409,1
12440,45410,1
12441,45411,1
12442,45412,1
12443,45413,1
12444,45414,1
12445,45415,1
12446,45416,1
12447,45417,1
12448,45418,1
12449,45419,1
12450,45420,1
12451,45421,1
12452,45422,1
12453,45423,1
12454,45424,1
12455,45425,1
12456,45426,1
12457,45427,1
12458,45428,1
12459,45429,1
12460,45430,1
12461,45431,1
12462,45432,1
12463,45433,1
12464,45434,1
12465,45435,1
12466,45436,1
12467,45437,1
12468,45438,1
12469,45439,1
12470,45440,1
12471,45441,1
12472,45442,1
12473,45443,1
12474,45444,1
12475,45445,1
12476,45446,1
12477,45447,1
12478,45448,1
12479,45449,1
12480,45450,1
12481,45451,1
12482,45452,1
12483,45453,1
12484,45454,1
12485,45455,1
12486,45456,1
12487,45457,1
12488,45458,1
12489,45459,1
12490,45460,1
12491,45461,1
12492,45462,1
12493,45463,1
12494,45464,1
12495,45465,1
12496,45466,1
12497,45467,1
12498,45468,1
12499,45469,1
12500,45470,1
12501,45471,1
12502,45472,1
12503,45473,1
12504,45474,1
12505,45475,1
12506,45476,1
12507,45477,1
12508,45478,1
12509,45479,1
12510,45480,1
12511,45481,1
12512,45482,1
12513,45483,1
12514,45484,1
12515,45485,1
12516,45486,1
12517,45487,1
12518,45488,1
12519,45489,1
12520,45490,1
12521,45491,1
12522,45492,1
12523,45493,1
12524,45494,1
12525,45495,1
12526,45496,1
12527,45497,1
12528,45498,1
12529,45499,1
12530,45500,1
12531,45501,1
12532,45502,1
12533,45503,1
12534,45504,1
12535,45505,1
12536,45506,1
12537,45507,1
12538,45508,1
12539,45509,1
12540,45510,1
12541,45511,1
12542,45512,1
12543,45513,1
12544,45514,1
12545,45515,1
12546,45516,1
12547,45517,1
12548,45518,1
12549,45519,1
12550,45520,1
12551,45521,1
12552,45522,1
12553,45523,1
12554,45524,1
12555,45525,1
12556,45526,1
12557,45527,1
12558,45528,1
12559,45529,1
12560,45530,1
12561,45531,1
12562,45532,1
12563,45533,1
12564,45534,1
12565,45535,1
12566,45536,1
12567,45537,1
12568,45538,1
12569,45539,1
12570,45540,1
12571,45541,1
12572,45542,1
12573,45543,1
12574,45544,1
12575,45545,1
12576,45546,1
12577,45547,1
12578,45548,1
12579,45549,1
12580,45550,1
12581,45551,1
12582,45552,1
12583,45553,1
12584,45554,1
12585,45555,1
12586,45556,1
12587,45557,1
12588,45558,1
12589,45559,1
12590,45560,1
12591,45561,1
12592,45562,1
12593,45563,1
12594,45564,1
12595,45565,1
12596,45566,1
12597,45567,1
12598,45568,1
12599,45569,1
12600,45570,1
12601,45571,1
12602,45572,1
12603,45573,1
12604,45574,1
12605,45575,1
12606,45576,1
12607,45577,1
12608,45578,1
12609,45579,1
12610,45580,1
12611,45581,1
12612,45582,1
12613,45583,1
12614,45584,1
12615,45585,1
12616,45586,1
12617,45587,1
12618,45588,1
12619,45589,1
12620,45590,1
12621,45591,1
12622,45592,1
12623,45593,1
12624,45594,1
12625,45595,1
12626,45596,1
12627,45597,1
12628,45598,1
12629,45599,1
12630,45600,1
12631,45601,1
12632,45602,1
12633,45603,1
12634,45604,1
12635,45605,1
12636,45606,1
12637,45607,1
12638,45608,1
12639,45609,1
12640,45610,1
12641,45611,1
12642,45612,1
12643,45613,1
12644,45614,1
12645,45615,1
12646,45616,1
12647,45617,1
12648,45618,1
12649,45619,1
12650,45620,1
12651,45621,1
12652,45622,1
12653,45623,1
12654,45624,1
12655,45625,1
12656,45626,1
12657,45627,1
12658,45628,1
12659,45629,1
12660,45630,1
12661,45631,1
12662,45632,1
12663,45633,1
12664,45634,1
12665,45635,1
12666,45636,1
12667,45637,1
12668,45638,1
12669,45639,1
12670,45640,1
12671,45641,1
12672,45642,1
12673,45643,1
12674,45644,1
12675,45645,1
12676,45646,1
12677,45647,1
12678,45648,1
12679,45649,1
12680,45650,1
12681,45651,1
12682,45652,1
12683,45653,1
12684,45654,1
12685,45655,1
12686,45656,1
12687,45657,1
12688,45658,1
12689,45659,1
12690,45660,1
12691,45661,1
12692,45662,1
12693,45663,1
12694,45664,1
12695,45665,1
12696,45666,1
12697,45667,1
12698,45668,1
12699,45669,1
12700,45670,1
12701,45671,1
12702,45672,1
12703,45673,1
12704,45674,1
12705,45675,1
12706,45676,1
12707,45677,1
12708,45678,1
12709,45679,1
12710,45680,1
12711,45681,1
12712,45682,1
12713,45683,1
12714,45684,1
12715,45685,1
12716,45686,1
12717,45687,1
12718,45688,1
12719,45689,1
12720,45690,1
12721,45691,1
12722,45692,1
12723,45693,1
12724,45694,1
12725,45695,1
12726,45696,1
12727,45697,1
12728,45698,1
12729,45699,1
12730,45700,1
12731,45701,1
12732,45702,1
12733,45703,1
12734,45704,1
12735,45705,1
12736,45706,1
12737,45707,1
12738,45708,1
12739,45709,1
12740,45710,1
12741,45711,1
12742,45712,1
12743,45713,1
12744,45714,1
12745,45715,1
12746,45716,1
12747,45717,1
12748,45718,1
12749,45719,1
12750,45720,1
12751,45721,1
12752,45722,1
12753,45723,1
12754,45724,1
12755,45725,1
12756,45726,1
12757,45727,1
12758,45728,1
12759,45729,1
12760,45730,1
12761,45731,1
12762,45732,1
12763,45733,1
12764,45734,1
12765,45735,1
12766,45736,1
12767,45737,1
12768,45738,1
12769,45739,1
12770,45740,1
12771,45741,1
12772,45742,1
12773,45743,1
12774,45744,1
12775,45745,1
12776,45746,1
12777,45747,1
12778,45748,1
12779,45749,1
12780,45750,1
12781,45751,1
12782,45752,1
12783,45753,1
12784,45754,1
12785,45755,1
12786,45756,1
12787,45757,1
12788,45758,1
12789,45759,1
12790,45760,1
12791,45761,1
12792,45762,1
12793,45763,1
12794,45764,1
12795,45765,1
12796,45766,1
12797,45767,1
12798,45768,1
12799,45769,1
12800,45770,1
12801,45771,1
12802,45772,1
12803,45773,1
12804,45774,1
12805,45775,1
12806,45776,1
12807,45777,1
12808,45778,1
12809,45779,1
12810,45780,1
12811,45781,1
12812,45782,1
12813,45783,1
12814,45784,1
12815,45785,1
12816,45786,1
12817,45787,1
12818,45788,1
12819,45789,1
12820,45790,1
12821,45791,1
12822,45792,1
12823,45793,1
12824,45794,1
12825,45795,1
12826,45796,1
12827,45797,1
12828,45798,1
12829,45799,1
12830,45800,1
12831,45801,1
12832,45802,1
12833,45803,1
12834,45804,1
12835,45805,1
12836,45806,1
12837,45807,1
12838,45808,1
12839,45809,1
12840,45810,1
12841,45811,1
12842,45812,1
12843,45813,1
12844,45814,1
12845,45815,1
12846,45816,1
12847,45817,1
12848,45818,1
12849,45819,1
12850,45820,1
12851,45821,1
12852,45822,1
12853,45823,1
12854,45824,1
12855,45825,1
12856,45826,1
12857,45827,1
12858,45828,1
12859,45829,1
12860,45830,1
12861,45831,1
12862,45832,1
12863,45833,1
12864,45834,1
12865,45835,1
12866,45836,1
12867,45837,1
12868,45838,1
12869,45839,1
12870,45840,1
12871,45841,1
12872,45842,1
12873,45843,1
12874,45844,1
12875,45845,1
12876,45846,1
12877,45847,1
12878,45848,1
12879,45849,1
12880,45850,1
12881,45851,1
12882,45852,1
12883,45853,1
12884,45854,1
12885,45855,1
12886,45856,1
12887,45857,1
12888,45858,1
12889,45859,1
12890,45860,1
12891,45861,1
12892,45862,1
12893,45863,1
12894,45864,1
12895,45865,1
12896,45866,1
12897,45867,1
12898,45868,1
12899,45869,1
12900,45870,1
12901,45871,1
12902,45872,1
12903,45873,1
12904,45874,1
12905,45875,1
12906,45876,1
12907,45877,1
12908,45878,1
12909,45879,1
12910,45880,1
12911,45881,1
12912,45882,1
12913,45883,1
12914,45884,1
12915,45885,1
12916,45886,1
12917,45887,1
12918,45888,1
12919,45889,1
12920,45890,1
12921,45891,1
12922,45892,1
12923,45893,1
12924,45894,1
12925,45895,1
12926,45896,1
12927,45897,1
12928,45898,1
12929,45899,1
12930,45900,1
12931,45901,1
12932,45902,1
12933,45903,1
12934,45904,1
12935,45905,1
12936,45906,1
12937,45907,1
12938,45908,1
12939,45909,1
12940,45910,1
12941,45911,1
12942,45912,1
12943,45913,1
12944,45914,1
12945,45915,1
12946,45916,1
12947,45917,1
12948,45918,1
12949,45919,1
12950,45920,1
12951,45921,1
12952,45922,1
12953,45923,1
12954,45924,1
12955,45925,1
12956,45926,1
12957,45927,1
12958,45928,1
12959,45929,1
12960,45930,1
12961,45931,1
12962,45932,1
12963,45933,1
12964,45934,1
12965,45935,1
12966,45936,1
12967,45937,1
12968,45938,1
12969,45939,1
12970,45940,1
12971,45941,1
12972,45942,1
12973,45943,1
12974,45944,1
12975,45945,1
12976,45946,1
12977,45947,1
12978,45948,1
12979,45949,1
12980,45950,1
12981,45951,1
12982,45952,1
12983,45953,1
12984,45954,1
12985,45955,1
12986,45956,1
12987,45957,1
12988,45958,1
12989,45959,1
12990,45960,1
12991,45961,1
12992,45962,1
12993,45963,1
12994,45964,1
12995,45965,1
12996,45966,1
12997,45967,1
12998,45968,1
12999,45969,1
13000,45970,1
13001,45971,1
13002,45972,1
13003,45973,1
13004,45974,1
13005,45975,1
13006,45976,1
13007,45977,1
13008,45978,1
13009,45979,1
13010,45980,1
13011,45981,1
13012,45982,1
13013,45983,1
13014,45984,1
13015,45985,1
13016,45986,1
13017,45987,1
13018,45988,1
13019,45989,1
13020,45990,1
13021,45991,1
13022,45992,1
13023,45993,1
13024,45994,1
13025,45995,1
13026,45996,1
13027,45997,1
13028,45998,1
13029,45999,1
13030,46000,1
13031,46001,1
13032,46002,1
13033,46003,1
13034,46004,1
13035,46005,1
13036,46006,1
13037,46007,1
13038,46008,1
13039,46009,1
13040,46010,1
13041,46011,1
13042,46012,1
13043,46013,1
13044,46014,1
13045,46015,1
13046,46016,1
13047,46017,1
13048,46018,1
13049,46019,1
13050,46020,1
13051,46021,1
13052,46022,1
13053,46023,1
13054,46024,1
13055,46025,1
13056,46026,1
13057,46027,1
13058,46028,1
13059,46029,1
13060,46030,1
13061,46031,1
13062,46032,1
13063,46033,1
13064,46034,1
13065,46035,1
13066,46036,1
13067,46037,1
13068,46038,1
13069,46039,1
13070,46040,1
13071,46041,1
13072,46042,1
13073,46043,1
13074,46044,1
13075,46045,1
13076,46046,1
13077,46047,1
13078,46048,1
13079,46049,1
13080,46050,1
13081,46051,1
13082,46052,1
13083,46053,1
13084,46054,1
13085,46055,1
13086,46056,1
13087,46057,1
13088,46058,1
13089,46059,1
13090,46060,1
13091,46061,1
13092,46062,1
13093,46063,1
13094,46064,1
