2500,34197,1
2501,34198,1
2502,34199,1
2503,34200,1
2504,34201,1
2505,34202,1
2506,34203,1
2507,34204,1
2508,34205,1
2509,34206,1
2510,34207,1
2511,34208,1
2512,34209,1
2513,34210,1
2514,34211,1
2515,34212,1
2516,34213,1
2517,34214,1
2518,34215,1
2519,34216,1
2520,34217,1
2521,34218,1
2522,34219,1
2523,34220,1
2524,34221,1
2525,34222,1
2526,34223,1
2527,34224,1
2528,34225,1
2529,34226,1
2530,34227,1
2531,34228,1
2532,34229,1
2533,34230,1
2534,34231,1
2535,34232,1
2554,34233,1
2555,34234,1
2556,34235,1
2557,34236,1
2558,34237,1
2559,34238,1
2560,34239,1
2561,34240,1
2562,34241,1
2563,34242,1
2564,34243,1
2565,34244,1
2566,34245,1
2567,34246,1
2568,34247,1
2569,34248,1
2570,34249,1
2571,34250,1
2572,34251,1
2573,34252,1
2574,34253,1
2575,34254,1
2576,34255,1
2577,34256,1
2578,34257,1
2579,34258,1
2580,34259,1
2581,34260,1
2582,34261,1
2583,34262,1
2584,34263,1
2585,34264,1
2586,34265,1
2587,34266,1
2588,34267,1
2589,34268,1
2590,34269,1
2591,34270,1
2592,34271,1
2593,34272,1
2594,34273,1
2595,34274,1
2596,34275,1
2597,34276,1
2598,34277,1
2599,34278,1
2600,34279,1
2601,34280,1
2602,34281,1
2603,34282,1
2604,34283,1
2605,34284,1
2606,34285,1
2607,34286,1
2608,34287,1
2609,34288,1
2610,34289,1
2611,34290,1
2612,34291,1
2613,34292,1
2614,34293,1
2615,34294,1
2616,34295,1
2617,34296,1
2618,34297,1
2619,34298,1
2620,34299,1
2621,34300,1
2622,34301,1
2623,34302,1
2624,34303,1
2625,34304,1
2688,34305,1
2689,34306,1
2690,34307,1
2691,34308,1
2692,34309,1
2693,34310,1
2694,34311,1
2695,34312,1
2696,34313,1
2697,34314,1
2698,34315,1
2699,34316,1
2700,34317,1
2701,34318,1
2702,34319,1
2703,34320,1
2704,34321,1
2705,34322,1
2706,34323,1
2707,34324,1
2708,34325,1
2709,34326,1
2710,34327,1
2711,34328,1
2712,34329,1
2713,34330,1
2714,34331,1
2715,34332,1
2716,34333,1
2717,34334,1
2718,34335,1
2719,34336,1
2720,34337,1
2721,34338,1
2722,34339,1
2723,34340,1
2724,34341,1
2725,34342,1
2726,34343,1
2727,34344,1
2728,34345,1
2729,34346,1
2730,34347,1
2731,34348,1
2732,34349,1
2733,34350,1
2734,34351,1
2735,34352,1
2736,34353,1
2737,34354,1
2738,34355,1
2739,34356,1
2740,34357,1
2741,34358,1
2742,34359,1
2743,34360,1
2744,34361,1
2745,34362,1
2746,34363,1
2747,34364,1
2748,34365,1
2749,34366,1
2750,34367,1
2751,34368,1
2752,34369,1
2753,34370,1
2754,34371,1
2755,34372,1
2756,34373,1
2757,34374,1
2758,34375,1
2759,34376,1
2760,34377,1
2761,34378,1
2762,34379,1
2763,34380,1
2764,34381,1
2765,34382,1
2766,34383,1
2767,34384,1
2768,34385,1
2769,34386,1
2770,34387,1
2771,34388,1
2772,34389,1
2773,34390,1
2774,34391,1
2775,34392,1
2776,34393,1
2777,34394,1
2778,34395,1
2779,34396,1
2780,34397,1
2781,34398,1
2782,34399,1
2783,34400,1
2784,34401,1
2785,34402,1
2786,34403,1
2787,34404,1
2788,34405,1
2789,34406,1
2790,34407,1
2791,34408,1
2792,34409,1
2793,34410,1
2794,34411,1
2795,34412,1
2796,34413,1
2797,34414,1
2798,34415,1
2799,34416,1
2800,34417,1
2801,34418,1
2802,34419,1
2803,34420,1
2804,34421,1
2805,34422,1
2806,34423,1
2807,34424,1
2808,34425,1
2809,34426,1
2810,34427,1
2811,34428,1
2812,34429,1
2813,34430,1
2814,34431,1
2815,34432,1
2816,34433,1
2817,34434,1
2818,34435,1
2819,34436,1
2820,34437,1
2821,34438,1
2822,34439,1
2823,34440,1
2824,34441,1
2825,34442,1
2826,34443,1
2827,34444,1
2828,34445,1
2829,34446,1
2830,34447,1
2831,34448,1
2832,34449,1
2833,34450,1
2834,34451,1
2835,34452,1
2836,34453,1
2837,34454,1
2838,34455,1
2839,34456,1
2840,34457,1
2841,34458,1
2842,34459,1
2843,34460,1
2844,34461,1
2845,34462,1
2846,34463,1
2847,34464,1
2848,34465,1
2849,34466,1
2850,34467,1
2851,34468,1
2852,34469,1
2853,34470,1
2854,34471,1
2855,34472,1
2856,34473,1
2857,34474,1
2858,34475,1
2859,34476,1
2860,34477,1
2861,34478,1
2862,34479,1
2863,34480,1
2864,34481,1
2865,34482,1
2866,34483,1
2867,34484,1
2868,34485,1
2869,34486,1
2870,34487,1
2871,34488,1
2872,34489,1
2873,34490,1
2874,34491,1
2875,34492,1
2876,34493,1
2877,34494,1
2878,34495,1
2879,34496,1
2880,34497,1
2881,34498,1
2882,34499,1
2883,34500,1
2884,34501,1
2885,34502,1
2886,34503,1
2887,34504,1
2888,34505,1
2889,34506,1
2890,34507,1
2891,34508,1
2892,34509,1
2893,34510,1
2894,34511,1
2895,34512,1
2896,34513,1
2897,34514,1
2898,34515,1
2899,34516,1
2900,34517,1
2901,34518,1
2902,34519,1
2903,34520,1
2904,34521,1
2905,34522,1
2906,34523,1
2907,34524,1
2908,34525,1
2909,34526,1
2910,34527,1
2911,34528,1
2912,34529,1
2913,34530,1
2914,34531,1
2915,34532,1
2916,34533,1
2917,34534,1
2918,34535,1
2919,34536,1
2920,34537,1
2921,34538,1
2922,34539,1
2923,34540,1
2924,34541,1
2925,34542,1
2926,34543,1
2927,34544,1
2928,34545,1
2929,34546,1
2930,34547,1
2931,34548,1
2932,34549,1
2933,34550,1
2934,34551,1
2935,34552,1
2936,34553,1
2937,34554,1
2938,34555,1
2939,34556,1
2940,34557,1
2941,34558,1
2942,34559,1
2943,34560,1
2944,34561,1
2945,34562,1
2946,34563,1
2947,34564,1
2948,34565,1
2949,34566,1
2950,34567,1
2951,34568,1
2952,34569,1
2953,34570,1
2954,34571,1
2955,34572,1
2956,34573,1
2957,34574,1
2958,34575,1
2959,34576,1
2960,34577,1
2961,34578,1
2962,34579,1
2963,34580,1
2964,34581,1
2965,34582,1
2966,34583,1
2967,34584,1
2968,34585,1
2969,34586,1
2970,34587,1
2971,34588,1
2972,34589,1
2973,34590,1
2974,34591,1
2975,34592,1
2976,34593,1
2977,34594,1
2978,34595,1
2979,34596,1
2980,34597,1
2981,34598,1
2982,34599,1
2983,34600,1
2984,34601,1
2985,34602,1
2986,34603,1
2987,34604,1
2988,34605,1
2989,34606,1
2990,34607,1
2991,34608,1
2992,34609,1
2993,34610,1
2994,34611,1
2995,34612,1
2996,34613,1
2997,34614,1
2998,34615,1
2999,34616,1
3000,34617,1
3001,34618,1
3002,34619,1
3003,34620,1
3004,34621,1
3005,34622,1
3006,34623,1
3007,34624,1
3008,34625,1
3009,34626,1
3010,34627,1
3011,34628,1
3012,34629,1
3013,34630,1
3014,34631,1
3015,34632,1
3016,34633,1
3017,34634,1
3018,34635,1
3019,34636,1
3020,34637,1
3021,34638,1
3022,34639,1
3023,34640,1
3024,34641,1
3025,34642,1
3026,34643,1
3027,34644,1
3028,34645,1
3029,34646,1
3030,34647,1
3031,34648,1
3032,34649,1
3033,34650,1
3034,34651,1
3035,34652,1
3036,34653,1
3037,34654,1
3038,34655,1
3039,34656,1
3040,34657,1
3041,34658,1
3042,34659,1
3043,34660,1
3044,34661,1
3045,34662,1
3046,34663,1
3047,34664,1
3048,34665,1
3049,34666,1
3050,34667,1
3051,34668,1
3052,34669,1
3053,34670,1
3054,34671,1
3055,34672,1
3056,34673,1
3057,34674,1
3058,34675,1
3059,34676,1
3060,34677,1
3061,34678,1
3062,34679,1
3063,34680,1
3064,34681,1
3065,34682,1
3066,34683,1
3067,34684,1
3068,34685,1
3069,34686,1
3070,34687,1
3071,34688,1
3072,34689,1
3073,34690,1
3074,34691,1
3075,34692,1
3076,34693,1
3077,34694,1
3078,34695,1
3079,34696,1
3080,34697,1
3081,34698,1
3082,34699,1
3083,34700,1
3084,34701,1
3085,34702,1
3086,34703,1
3087,34704,1
3088,34705,1
3089,34706,1
3090,34707,1
3091,34708,1
3092,34709,1
3093,34710,1
3094,34711,1
3095,34712,1
3096,34713,1
3097,34714,1
3098,34715,1
3099,34716,1
3100,34717,1
3101,34718,1
3102,34719,1
3103,34720,1
3104,34721,1
3105,34722,1
3106,34723,1
3107,34724,1
3108,34725,1
3109,34726,1
3110,34727,1
3111,34728,1
3112,34729,1
3113,34730,1
3114,34731,1
3115,34732,1
3116,34733,1
3117,34734,1
3118,34735,1
3119,34736,1
3120,34737,1
3121,34738,1
3122,34739,1
3123,34740,1
3124,34741,1
3125,34742,1
3126,34743,1
3127,34744,1
3128,34745,1
3129,34746,1
3130,34747,1
3131,34748,1
3132,34749,1
3133,34750,1
3134,34751,1
3135,34752,1
3136,34753,1
3137,34754,1
3138,34755,1
3139,34756,1
3140,34757,1
3141,34758,1
3142,34759,1
3143,34760,1
3144,34761,1
3145,34762,1
3146,34763,1
3147,34764,1
3148,34765,1
3149,34766,1
3150,34767,1
3151,34768,1
3152,34769,1
3153,34770,1
3154,34771,1
3155,34772,1
3156,34773,1
3157,34774,1
3158,34775,1
3159,34776,1
3160,34777,1
3161,34778,1
3162,34779,1
3163,34780,1
3164,34781,1
3165,34782,1
3166,34783,1
3167,34784,1
3168,34785,1
3169,34786,1
3170,34787,1
3171,34788,1
3172,34789,1
3173,34790,1
3174,34791,1
3175,34792,1
3176,34793,1
3177,34794,1
3178,34795,1
3179,34796,1
3180,34797,1
3181,34798,1
3182,34799,1
3183,34800,1
3184,34801,1
3185,34802,1
3186,34803,1
3187,34804,1
3188,34805,1
3189,34806,1
3190,34807,1
3191,34808,1
3192,34809,1
3193,34810,1
3194,34811,1
3195,34812,1
3196,34813,1
3197,34814,1
3198,34815,1
3199,34816,1
3200,34817,1
3201,34818,1
3202,34819,1
3203,34820,1
3204,34821,1
3205,34822,1
3206,34823,1
3207,34824,1
3208,34825,1
3209,34826,1
3210,34827,1
3211,34828,1
3212,34829,1
3213,34830,1
3214,34831,1
3215,34832,1
3216,34833,1
3217,34834,1
3218,34835,1
3219,34836,1
3220,34837,1
3221,34838,1
3222,34839,1
3223,34840,1
3224,34841,1
3225,34842,1
3226,34843,1
3227,34844,1
3228,34845,1
3229,34846,1
3230,34847,1
3231,34848,1
3232,34849,1
3233,34850,1
3234,34851,1
3235,34852,1
3236,34853,1
3237,34854,1
3238,34855,1
3239,34856,1
3240,34857,1
3241,34858,1
3242,34859,1
3243,34860,1
3244,34861,1
3245,34862,1
3246,34863,1
3247,34864,1
3248,34865,1
3249,34866,1
3250,34867,1
3251,34868,1
3252,34869,1
3253,34870,1
3254,34871,1
3255,34872,1
3256,34873,1
3257,34874,1
3258,34875,1
3259,34876,1
3260,34877,1
3261,34878,1
3262,34879,1
3263,34880,1
3264,34881,1
3265,34882,1
3266,34883,1
3267,34884,1
3268,34885,1
3269,34886,1
3270,34887,1
3271,34888,1
3272,34889,1
3273,34890,1
3274,34891,1
3275,34892,1
3276,34893,1
3703,34894,1
3704,34895,1
3705,34896,1
3706,34897,1
3707,34898,1
3708,34899,1
3709,34900,1
3710,34901,1
3711,34902,1
3712,34903,1
3713,34904,1
3714,34905,1
3715,34906,1
3716,34907,1
3717,34908,1
3718,34909,1
3719,34910,1
3720,34911,1
3721,34912,1
3722,34913,1
3723,34914,1
3724,34915,1
3725,34916,1
3726,34917,1
3727,34918,1
3728,34919,1
3729,34920,1
3730,34921,1
3731,34922,1
3732,34923,1
3733,34924,1
3734,34925,1
3735,34926,1
3736,34927,1
3737,34928,1
3738,34929,1
3739,34930,1
3740,34931,1
3741,34932,1
3742,34933,1
3743,34934,1
3744,34935,1
3745,34936,1
3746,34937,1
3747,34938,1
3748,34939,1
3749,34940,1
3750,34941,1
3751,34942,1
3752,34943,1
3753,34944,1
3754,34945,1
3755,34946,1
3756,34947,1
3757,34948,1
3758,34949,1
3759,34950,1
3760,34951,1
3761,34952,1
3762,34953,1
3763,34954,1
3764,34955,1
3765,34956,1
3766,34957,1
3767,34958,1
3768,34959,1
3769,34960,1
3770,34961,1
3771,34962,1
3772,34963,1
3773,34964,1
3774,34965,1
3775,34966,1
3776,34967,1
3777,34968,1
3778,34969,1
3779,34970,1
3780,34971,1
3781,34972,1
3782,34973,1
3783,34974,1
3784,34975,1
3785,34976,1
3786,34977,1
3787,34978,1
3788,34979,1
3789,34980,1
3790,34981,1
3791,34982,1
3792,34983,1
3793,34984,1
3794,34985,1
3795,34986,1
3796,34987,1
3797,34988,1
3798,34989,1
3799,34990,1
3800,34991,1
3801,34992,1
3802,34993,1
3803,34994,1
3804,34995,1
3805,34996,1
3806,34997,1
3807,34998,1
3808,34999,1
3809,35000,1
3810,35001,1
3811,35002,1
3812,35003,1
3813,35004,1
3814,35005,1
3815,35006,1
3816,35007,1
3817,35008,1
3818,35009,1
3819,35010,1
3820,35011,1
3821,35012,1
3822,35013,1
3823,35014,1
3824,35015,1
3825,35016,1
3826,35017,1
3827,35018,1
3828,35019,1
3829,35020,1
3830,35021,1
3831,35022,1
3832,35023,1
3833,35024,1
3834,35025,1
3835,35026,1
3836,35027,1
3837,35028,1
3838,35029,1
3839,35030,1
3840,35031,1
3841,35032,1
3842,35033,1
3843,35034,1
3844,35035,1
3845,35036,1
3846,35037,1
3847,35038,1
3848,35039,1
3849,35040,1
3850,35041,1
3851,35042,1
3852,35043,1
3853,35044,1
3854,35045,1
3855,35046,1
3856,35047,1
3857,35048,1
3858,35049,1
3859,35050,1
3860,35051,1
3861,35052,1
3862,35053,1
3863,35054,1
3864,35055,1
3865,35056,1
3866,35057,1
3867,35058,1
3868,35059,1
3869,35060,1
3870,35061,1
3871,35062,1
3872,35063,1
3873,35064,1
3874,35065,1
3875,35066,1
3876,35067,1
3877,35068,1
3878,35069,1
3879,35070,1
3880,35071,1
3881,35072,1
3882,35073,1
3883,35074,1
3884,35075,1
3885,35076,1
3886,35077,1
3887,35078,1
3888,35079,1
3889,35080,1
3890,35081,1
3891,35082,1
3892,35083,1
3893,35084,1
3894,35085,1
3895,35086,1
3896,35087,1
3897,35088,1
3898,35089,1
3899,35090,1
3900,35091,1
3901,35092,1
3902,35093,1
3903,35094,1
3904,35095,1
3905,35096,1
3906,35097,1
3907,35098,1
3908,35099,1
3909,35100,1
3910,35101,1
3911,35102,1
3912,35103,1
3913,35104,1
3914,35105,1
3915,35106,1
3916,35107,1
3917,35108,1
3918,35109,1
3919,35110,1
3920,35111,1
3921,35112,1
3922,35113,1
3923,35114,1
3924,35115,1
3925,35116,1
3926,35117,1
3927,35118,1
3928,35119,1
3929,35120,1
3930,35121,1
3931,35122,1
3932,35123,1
3933,35124,1
3934,35125,1
3935,35126,1
3936,35127,1
3937,35128,1
3938,35129,1
3939,35130,1
3940,35131,1
3941,35132,1
3942,35133,1
3943,35134,1
3944,35135,1
3945,35136,1
3946,35137,1
3947,35138,1
3948,35139,1
3949,35140,1
3950,35141,1
3951,35142,1
3952,35143,1
3953,35144,1
3954,35145,1
3955,35146,1
3956,35147,1
3957,35148,1
3958,35149,1
3959,35150,1
3960,35151,1
3961,35152,1
3962,35153,1
3963,35154,1
3964,35155,1
3965,35156,1
3966,35157,1
3967,35158,1
3968,35159,1
3969,35160,1
3970,35161,1
3971,35162,1
3972,35163,1
3973,35164,1
3974,35165,1
3975,35166,1
3976,35167,1
3977,35168,1
3978,35169,1
3979,35170,1
3980,35171,1
3981,35172,1
3982,35173,1
3983,35174,1
3984,35175,1
3985,35176,1
3986,35177,1
3987,35178,1
3988,35179,1
3989,35180,1
3990,35181,1
3991,35182,1
3992,35183,1
3993,35184,1
3994,35185,1
3995,35186,1
3996,35187,1
3997,35188,1
3998,35189,1
3999,35190,1
4000,35191,1
4001,35192,1
4002,35193,1
4003,35194,1
4004,35195,1
4005,35196,1
4006,35197,1
4007,35198,1
4008,35199,1
4009,35200,1
4010,35201,1
4011,35202,1
4012,35203,1
4013,35204,1
4014,35205,1
4015,35206,1
4016,35207,1
4017,35208,1
4018,35209,1
4019,35210,1
4020,35211,1
4021,35212,1
4022,35213,1
4023,35214,1
4024,35215,1
4025,35216,1
4026,35217,1
4027,35218,1
4028,35219,1
4029,35220,1
4030,35221,1
4031,35222,1
4032,35223,1
4033,35224,1
4034,35225,1
4035,35226,1
4036,35227,1
4037,35228,1
4038,35229,1
4039,35230,1
4040,35231,1
4041,35232,1
4042,35233,1
4043,35234,1
4044,35235,1
4045,35236,1
4046,35237,1
4047,35238,1
4048,35239,1
4049,35240,1
4050,35241,1
4051,35242,1
4052,35243,1
4053,35244,1
4054,35245,1
4055,35246,1
4056,35247,1
4057,35248,1
4058,35249,1
4059,35250,1
4060,35251,1
4061,35252,1
4062,35253,1
4063,35254,1
4064,35255,1
4065,35256,1
4066,35257,1
4067,35258,1
4068,35259,1
4069,35260,1
4070,35261,1
4071,35262,1
4072,35263,1
4073,35264,1
4074,35265,1
4075,35266,1
4076,35267,1
4077,35268,1
4078,35269,1
4079,35270,1
4080,35271,1
4081,35272,1
4082,35273,1
4083,35274,1
4084,35275,1
4085,35276,1
4086,35277,1
4087,35278,1
4088,35279,1
4089,35280,1
4090,35281,1
4091,35282,1
4092,35283,1
4093,35284,1
4094,35285,1
4095,35286,1
4096,35287,1
4097,35288,1
4098,35289,1
4099,35290,1
4100,35291,1
4101,35292,1
4102,35293,1
4103,35294,1
4104,35295,1
4105,35296,1
4106,35297,1
4107,35298,1
4108,35299,1
4109,35300,1
4110,35301,1
4111,35302,1
4112,35303,1
4113,35304,1
4114,35305,1
4115,35306,1
4116,35307,1
4117,35308,1
4118,35309,1
4119,35310,1
4120,35311,1
4121,35312,1
4122,35313,1
4123,35314,1
4124,35315,1
4125,35316,1
4126,35317,1
4127,35318,1
4128,35319,1
4129,35320,1
4130,35321,1
4131,35322,1
4132,35323,1
4133,35324,1
4134,35325,1
4135,35326,1
4136,35327,1
4137,35328,1
4138,35329,1
4139,35330,1
4140,35331,1
4141,35332,1
4142,35333,1
4143,35334,1
4144,35335,1
4145,35336,1
4146,35337,1
4147,35338,1
4148,35339,1
4149,35340,1
4150,35341,1
4151,35342,1
4152,35343,1
4153,35344,1
4154,35345,1
4155,35346,1
4156,35347,1
4157,35348,1
4158,35349,1
4159,35350,1
4160,35351,1
4161,35352,1
4162,35353,1
4163,35354,1
4164,35355,1
4165,35356,1
4166,35357,1
4167,35358,1
4168,35359,1
4169,35360,1
4170,35361,1
4171,35362,1
4172,35363,1
4173,35364,1
4174,35365,1
4175,35366,1
4176,35367,1
4177,35368,1
4178,35369,1
4179,35370,1
4180,35371,1
4181,35372,1
4182,35373,1
4183,35374,1
4184,35375,1
4185,35376,1
4186,35377,1
4187,35378,1
4188,35379,1
4189,35380,1
4190,35381,1
4191,35382,1
4192,35383,1
4193,35384,1
4194,35385,1
4195,35386,1
4196,35387,1
4197,35388,1
4198,35389,1
4199,35390,1
4200,35391,1
4201,35392,1
4202,35393,1
4203,35394,1
4204,35395,1
4205,35396,1
4206,35397,1
4207,35398,1
4208,35399,1
4209,35400,1
4210,35401,1
4211,35402,1
4212,35403,1
4213,35404,1
4214,35405,1
4215,35406,1
4216,35407,1
4217,35408,1
4218,35409,1
4219,35410,1
4220,35411,1
4221,35412,1
4222,35413,1
4223,35414,1
4378,35415,1
4379,35416,1
4380,35417,1
4381,35418,1
4382,35419,1
4383,35420,1
4384,35421,1
4385,35422,1
4386,35423,1
4387,35424,1
4388,35425,1
4389,35426,1
4390,35427,1
4391,35428,1
4392,35429,1
4393,35430,1
4394,35431,1
4395,35432,1
4396,35433,1
4397,35434,1
4398,35435,1
4399,35436,1
4400,35437,1
4401,35438,1
4402,35439,1
4403,35440,1
4404,35441,1
4405,35442,1
4406,35443,1
4407,35444,1
4408,35445,1
4409,35446,1
4410,35447,1
4411,35448,1
4412,35449,1
4413,35450,1
4414,35451,1
4415,35452,1
4416,35453,1
4417,35454,1
4418,35455,1
4419,35456,1
4420,35457,1
4421,35458,1
4422,35459,1
4423,35460,1
4424,35461,1
4425,35462,1
4426,35463,1
4427,35464,1
4428,35465,1
4429,35466,1
4430,35467,1
4431,35468,1
4432,35469,1
4433,35470,1
4434,35471,1
4435,35472,1
4436,35473,1
4437,35474,1
4438,35475,1
4439,35476,1
4440,35477,1
4441,35478,1
4442,35479,1
4443,35480,1
4444,35481,1
4445,35482,1
4446,35483,1
4447,35484,1
4448,35485,1
4449,35486,1
4450,35487,1
4451,35488,1
4452,35489,1
4453,35490,1
4454,35491,1
4455,35492,1
4456,35493,1
4457,35494,1
4458,35495,1
4459,35496,1
4460,35497,1
4461,35498,1
4462,35499,1
4463,35500,1
4464,35501,1
4465,35502,1
4466,35503,1
4467,35504,1
4468,35505,1
4469,35506,1
4470,35507,1
4471,35508,1
4472,35509,1
4473,35510,1
4474,35511,1
4475,35512,1
4476,35513,1
4477,35514,1
4478,35515,1
4479,35516,1
4480,35517,1
4481,35518,1
4482,35519,1
4483,35520,1
4484,35521,1
4485,35522,1
4486,35523,1
4487,35524,1
4488,35525,1
4489,35526,1
4490,35527,1
4491,35528,1
4492,35529,1
4493,35530,1
4494,35531,1
4495,35532,1
4496,35533,1
4497,35534,1
4498,35535,1
4499,35536,1
4500,35537,1
4501,35538,1
4502,35539,1
4503,35540,1
4504,35541,1
4505,35542,1
4506,35543,1
4507,35544,1
4508,35545,1
4509,35546,1
4510,35547,1
4511,35548,1
4512,35549,1
4513,35550,1
4514,35551,1
4515,35552,1
4516,35553,1
4517,35554,1
4518,35555,1
4519,35556,1
4520,35557,1
4521,35558,1
4522,35559,1
4523,35560,1
4524,35561,1
4525,35562,1
4526,35563,1
4527,35564,1
4528,35565,1
4529,35566,1
4530,35567,1
4531,35568,1
4532,35569,1
4533,35570,1
4534,35571,1
4535,35572,1
4536,35573,1
4537,35574,1
4538,35575,1
4539,35576,1
4540,35577,1
4541,35578,1
4542,35579,1
4543,35580,1
4544,35581,1
4545,35582,1
4546,35583,1
4547,35584,1
4548,35585,1
4549,35586,1
4550,35587,1
4551,35588,1
4552,35589,1
4553,35590,1
4554,35591,1
4555,35592,1
4556,35593,1
4557,35594,1
4558,35595,1
4559,35596,1
4560,35597,1
4561,35598,1
4562,35599,1
4563,35600,1
4564,35601,1
4565,35602,1
4566,35603,1
4567,35604,1
4568,35605,1
4569,35606,1
4570,35607,1
4571,35608,1
4572,35609,1
4573,35610,1
4574,35611,1
4575,35612,1
4576,35613,1
4577,35614,1
4578,35615,1
4579,35616,1
4580,35617,1
4581,35618,1
4582,35619,1
4583,35620,1
4584,35621,1
4585,35622,1
4586,35623,1
4587,35624,1
4588,35625,1
4589,35626,1
4590,35627,1
4591,35628,1
4592,35629,1
4593,35630,1
4594,35631,1
4595,35632,1
4596,35633,1
4597,35634,1
4598,35635,1
4599,35636,1
4600,35637,1
4601,35638,1
4602,35639,1
4603,35640,1
4604,35641,1
4605,35642,1
4606,35643,1
4607,35644,1
4608,35645,1
4609,35646,1
4610,35647,1
4611,35648,1
4612,35649,1
4613,35650,1
4614,35651,1
4615,35652,1
4616,35653,1
4617,35654,1
4618,35655,1
4619,35656,1
4620,35657,1
4621,35658,1
4622,35659,1
4623,35660,1
4624,35661,1
4625,35662,1
4626,35663,1
4627,35664,1
4628,35665,1
4629,35666,1
4630,35667,1
4631,35668,1
4632,35669,1
4633,35670,1
4634,35671,1
4635,35672,1
4636,35673,1
4637,35674,1
4638,35675,1
4639,35676,1
4640,35677,1
4641,35678,1
4642,35679,1
4643,35680,1
4644,35681,1
4645,35682,1
4646,35683,1
4647,35684,1
4648,35685,1
4649,35686,1
4650,35687,1
4651,35688,1
4652,35689,1
4653,35690,1
4654,35691,1
4655,35692,1
4656,35693,1
4657,35694,1
4658,35695,1
4659,35696,1
4660,35697,1
4661,35698,1
4662,35699,1
4663,35700,1
4664,35701,1
4665,35702,1
4666,35703,1
4667,35704,1
4668,35705,1
4669,35706,1
4670,35707,1
4671,35708,1
4672,35709,1
4673,35710,1
4674,35711,1
4675,35712,1
4676,35713,1
4677,35714,1
4678,35715,1
4679,35716,1
4680,35717,1
4681,35718,1
4682,35719,1
4683,35720,1
4684,35721,1
4685,35722,1
4686,35723,1
4687,35724,1
4688,35725,1
4689,35726,1
4690,35727,1
4691,35728,1
4692,35729,1
4693,35730,1
4694,35731,1
4695,35732,1
4696,35733,1
4697,35734,1
4698,35735,1
4699,35736,1
4700,35737,1
4701,35738,1
4702,35739,1
4703,35740,1
4704,35741,1
4705,35742,1
4706,35743,1
4707,35744,1
4708,35745,1
4709,35746,1
4710,35747,1
4711,35748,1
4712,35749,1
4713,35750,1
4714,35751,1
4715,35752,1
4716,35753,1
4717,35754,1
4718,35755,1
4719,35756,1
4720,35757,1
4721,35758,1
4722,35759,1
4723,35760,1
4724,35761,1
4725,35762,1
4726,35763,1
4727,35764,1
4728,35765,1
4729,35766,1
4730,35767,1
4731,35768,1
4732,35769,1
4733,35770,1
4734,35771,1
4735,35772,1
4736,35773,1
4737,35774,1
4738,35775,1
4739,35776,1
4740,35777,1
4741,35778,1
4742,35779,1
4743,35780,1
4744,35781,1
4745,35782,1
4746,35783,1
4747,35784,1
4748,35785,1
4749,35786,1
4750,35787,1
4751,35788,1
4752,35789,1
4753,35790,1
4754,35791,1
4755,35792,1
4756,35793,1
4757,35794,1
4758,35795,1
4759,35796,1
4760,35797,1
4761,35798,1
4762,35799,1
4763,35800,1
4764,35801,1
4765,35802,1
4766,35803,1
4767,35804,1
4768,35805,1
4769,35806,1
4770,35807,1
4771,35808,1
4772,35809,1
4773,35810,1
4774,35811,1
4775,35812,1
4776,35813,1
4777,35814,1
4778,35815,1
4779,35816,1
4780,35817,1
4781,35818,1
4782,35819,1
4783,35820,1
4784,35821,1
4785,35822,1
4786,35823,1
4787,35824,1
4788,35825,1
4789,35826,1
4790,35827,1
4791,35828,1
4792,35829,1
4793,35830,1
4794,35831,1
4795,35832,1
4796,35833,1
4797,35834,1
4798,35835,1
4799,35836,1
4800,35837,1
4801,35838,1
4802,35839,1
4803,35840,1
4804,35841,1
4805,35842,1
4806,35843,1
4807,35844,1
4808,35845,1
4809,35846,1
4810,35847,1
4811,35848,1
4812,35849,1
4813,35850,1
4814,35851,1
4815,35852,1
4816,35853,1
4817,35854,1
4818,35855,1
4819,35856,1
4820,35857,1
4821,35858,1
4822,35859,1
4823,35860,1
4824,35861,1
4825,35862,1
4826,35863,1
4827,35864,1
4828,35865,1
4829,35866,1
4830,35867,1
4831,35868,1
4832,35869,1
4833,35870,1
4834,35871,1
4835,35872,1
4836,35873,1
4837,35874,1
4838,35875,1
4839,35876,1
4840,35877,1
4841,35878,1
4842,35879,1
4843,35880,1
4844,35881,1
4845,35882,1
4846,35883,1
4847,35884,1
4848,35885,1
4849,35886,1
4850,35887,1
4851,35888,1
4852,35889,1
4853,35890,1
4854,35891,1
4855,35892,1
4856,35893,1
4857,35894,1
4858,35895,1
4859,35896,1
4860,35897,1
4861,35898,1
4862,35899,1
4863,35900,1
4864,35901,1
4865,35902,1
4866,35903,1
4867,35904,1
4868,35905,1
4869,35906,1
4870,35907,1
4871,35908,1
4872,35909,1
4873,35910,1
4874,35911,1
4875,35912,1
4876,35913,1
4877,35914,1
4878,35915,1
4879,35916,1
4880,35917,1
4881,35918,1
4882,35919,1
4883,35920,1
4884,35921,1
4885,35922,1
4886,35923,1
4887,35924,1
4888,35925,1
4889,35926,1
4890,35927,1
4891,35928,1
4892,35929,1
4893,35930,1
4894,35931,1
4895,35932,1
4896,35933,1
4897,35934,1
4898,35935,1
4899,35936,1
4900,35937,1
4901,35938,1
4902,35939,1
4903,35940,1
4904,35941,1
4905,35942,1
4906,35943,1
4907,35944,1
4908,35945,1
4909,35946,1
4910,35947,1
4911,35948,1
4912,35949,1
4913,35950,1
4914,35951,1
4915,35952,1
4916,35953,1
4917,35954,1
4918,35955,1
4919,35956,1
4920,35957,1
4921,35958,1
4922,35959,1
4923,35960,1
4924,35961,1
4925,35962,1
4926,35963,1
4927,35964,1
4928,35965,1
4929,35966,1
4930,35967,1
4931,35968,1
4932,35969,1
4933,35970,1
4934,35971,1
4935,35972,1
4936,35973,1
4937,35974,1
4938,35975,1
4939,35976,1
4940,35977,1
4941,35978,1
4942,35979,1
4943,35980,1
4944,35981,1
4945,35982,1
4946,35983,1
4947,35984,1
4948,35985,1
4949,35986,1
4950,35987,1
4951,35988,1
4952,35989,1
4953,35990,1
4954,35991,1
4955,35992,1
4956,35993,1
4957,35994,1
4958,35995,1
4959,35996,1
4960,35997,1
4961,35998,1
4962,35999,1
4963,36000,1
4964,36001,1
4965,36002,1
4966,36003,1
4967,36004,1
4968,36005,1
4969,36006,1
4970,36007,1
4971,36008,1
4972,36009,1
4973,36010,1
4974,36011,1
4975,36012,1
4976,36013,1
4977,36014,1
4978,36015,1
4979,36016,1
4980,36017,1
4981,36018,1
4982,36019,1
4983,36020,1
4984,36021,1
4985,36022,1
4986,36023,1
4987,36024,1
4988,36025,1
4989,36026,1
4990,36027,1
4991,36028,1
4992,36029,1
4993,36030,1
4994,36031,1
4995,36032,1
4996,36033,1
4997,36034,1
4998,36035,1
4999,36036,1
5000,36037,1
5001,36038,1
5002,36039,1
5003,36040,1
5004,36041,1
5005,36042,1
5006,36043,1
5007,36044,1
5008,36045,1
5009,36046,1
5010,36047,1
5011,36048,1
5012,36049,1
5013,36050,1
5014,36051,1
5015,36052,1
5016,36053,1
5017,36054,1
5018,36055,1
5019,36056,1
5020,36057,1
5021,36058,1
5022,36059,1
5023,36060,1
5024,36061,1
5025,36062,1
5026,36063,1
5027,36064,1
5028,36065,1
5029,36066,1
5030,36067,1
5031,36068,1
5032,36069,1
5033,36070,1
5034,36071,1
5035,36072,1
5036,36073,1
5037,36074,1
5038,36075,1
5039,36076,1
5040,36077,1
5041,36078,1
5042,36079,1
5043,36080,1
5044,36081,1
5045,36082,1
5046,36083,1
5047,36084,1
5048,36085,1
5049,36086,1
5050,36087,1
5051,36088,1
5052,36089,1
5053,36090,1
5054,36091,1
5055,36092,1
5056,36093,1
5057,36094,1
5058,36095,1
5059,36096,1
5060,36097,1
5061,36098,1
5062,36099,1
5063,36100,1
5064,36101,1
5065,36102,1
5066,36103,1
5067,36104,1
5068,36105,1
5069,36106,1
5070,36107,1
5071,36108,1
5072,36109,1
5073,36110,1
5074,36111,1
5075,36112,1
5076,36113,1
5077,36114,1
5078,36115,1
5079,36116,1
5080,36117,1
5081,36118,1
5082,36119,1
5083,36120,1
5084,36121,1
5085,36122,1
5086,36123,1
5087,36124,1
5088,36125,1
5089,36126,1
5090,36127,1
5091,36128,1
5092,36129,1
5093,36130,1
5094,36131,1
5095,36132,1
5096,36133,1
5097,36134,1
5098,36135,1
5099,36136,1
5100,36137,1
5101,36138,1
5102,36139,1
5103,36140,1
5104,36141,1
5105,36142,1
5106,36143,1
5107,36144,1
5108,36145,1
5109,36146,1
5110,36147,1
5111,36148,1
5112,36149,1
5113,36150,1
5114,36151,1
5115,36152,1
5116,36153,1
5117,36154,1
5118,36155,1
5119,36156,1
5120,36157,1
5121,36158,1
5122,36159,1
5123,36160,1
5124,36161,1
5125,36162,1
5126,36163,1
5127,36164,1
5128,36165,1
5129,36166,1
5130,36167,1
5131,36168,1
5132,36169,1
5133,36170,1
5134,36171,1
5135,36172,1
5136,36173,1
5137,36174,1
5138,36175,1
5139,36176,1
5140,36177,1
5141,36178,1
5142,36179,1
5143,36180,1
5144,36181,1
5145,36182,1
5146,36183,1
5147,36184,1
5148,36185,1
5149,36186,1
5150,36187,1
5151,36188,1
5152,36189,1
5153,36190,1
5154,36191,1
5155,36192,1
5156,36193,1
5157,36194,1
5158,36195,1
5159,36196,1
5160,36197,1
5161,36198,1
5162,36199,1
5163,36200,1
5164,36201,1
5165,36202,1
5166,36203,1
5167,36204,1
5168,36205,1
5169,36206,1
5170,36207,1
5171,36208,1
5172,36209,1
5173,36210,1
5174,36211,1
5175,36212,1
5176,36213,1
5177,36214,1
5178,36215,1
5179,36216,1
5180,36217,1
5181,36218,1
5182,36219,1
5183,36220,1
5184,36221,1
5185,36222,1
5186,36223,1
5187,36224,1
5188,36225,1
5189,36226,1
5190,36227,1
5191,36228,1
5192,36229,1
5193,36230,1
5194,36231,1
5195,36232,1
5196,36233,1
5197,36234,1
5198,36235,1
5199,36236,1
5200,36237,1
5201,36238,1
5202,36239,1
5203,36240,1
5204,36241,1
5205,36242,1
5206,36243,1
5207,36244,1
5208,36245,1
5209,36246,1
5210,36247,1
5211,36248,1
5212,36249,1
5213,36250,1
5214,36251,1
5215,36252,1
5216,36253,1
5217,36254,1
5218,36255,1
5219,36256,1
5220,36257,1
5221,36258,1
5668,36259,1
5669,36260,1
5670,36261,1
5671,36262,1
5672,36263,1
5673,36264,1
5674,36265,1
5675,36266,1
5676,36267,1
5677,36268,1
5678,36269,1
5679,36270,1
5680,36271,1
5681,36272,1
5682,36273,1
5683,36274,1
5684,36275,1
5685,36276,1
5686,36277,1
5687,36278,1
5688,36279,1
5689,36280,1
5690,36281,1
5691,36282,1
5692,36283,1
5693,36284,1
5694,36285,1
5695,36286,1
5696,36287,1
5697,36288,1
5698,36289,1
5699,36290,1
5700,36291,1
5701,36292,1
5702,36293,1
5703,36294,1
5704,36295,1
5705,36296,1
5706,36297,1
5707,36298,1
5708,36299,1
5709,36300,1
5710,36301,1
5711,36302,1
5712,36303,1
5713,36304,1
5714,36305,1
5715,36306,1
5716,36307,1
5717,36308,1
5718,36309,1
5719,36310,1
5720,36311,1
5721,36312,1
5722,36313,1
5723,36314,1
5724,36315,1
5725,36316,1
5726,36317,1
5727,36318,1
5728,36319,1
5729,36320,1
5730,36321,1
5731,36322,1
5732,36323,1
5733,36324,1
5734,36325,1
5735,36326,1
5736,36327,1
5737,36328,1
5738,36329,1
5739,36330,1
5740,36331,1
5741,36332,1
5742,36333,1
5743,36334,1
5744,36335,1
5745,36336,1
5746,36337,1
5747,36338,1
5748,36339,1
5749,36340,1
5750,36341,1
5751,36342,1
5752,36343,1
5753,36344,1
5754,36345,1
5755,36346,1
5756,36347,1
5757,36348,1
5758,36349,1
5759,36350,1
5760,36351,1
5761,36352,1
5762,36353,1
5763,36354,1
5764,36355,1
5765,36356,1
5766,36357,1
5767,36358,1
5768,36359,1
5769,36360,1
5770,36361,1
5771,36362,1
5772,36363,1
5773,36364,1
5774,36365,1
5775,36366,1
5776,36367,1
5777,36368,1
5778,36369,1
5779,36370,1
5780,36371,1
5781,36372,1
5782,36373,1
5783,36374,1
5784,36375,1
5785,36376,1
5786,36377,1
5787,36378,1
5788,36379,1
5789,36380,1
5790,36381,1
5791,36382,1
5792,36383,1
5793,36384,1
5794,36385,1
5795,36386,1
5796,36387,1
5797,36388,1
5798,36389,1
5799,36390,1
5800,36391,1
5801,36392,1
5802,36393,1
5803,36394,1
5804,36395,1
5805,36396,1
5806,36397,1
5807,36398,1
5808,36399,1
5809,36400,1
5810,36401,1
5811,36402,1
5812,36403,1
5813,36404,1
5814,36405,1
5815,36406,1
5816,36407,1
5817,36408,1
5818,36409,1
5819,36410,1
5820,36411,1
5821,36412,1
5822,36413,1
5823,36414,1
5824,36415,1
5825,36416,1
5826,36417,1
5827,36418,1
5828,36419,1
5829,36420,1
5830,36421,1
5831,36422,1
5832,36423,1
5833,36424,1
5834,36425,1
5835,36426,1
5836,36427,1
5837,36428,1
5838,36429,1
5839,36430,1
5840,36431,1
5841,36432,1
5842,36433,1
5843,36434,1
5844,36435,1
5845,36436,1
5846,36437,1
5847,36438,1
5848,36439,1
5849,36440,1
5850,36441,1
5851,36442,1
5852,36443,1
5853,36444,1
5854,36445,1
5855,36446,1
5856,36447,1
5857,36448,1
5858,36449,1
5859,36450,1
5860,36451,1
5861,36452,1
5862,36453,1
5863,36454,1
5864,36455,1
5865,36456,1
5866,36457,1
5867,36458,1
5868,36459,1
5869,36460,1
5870,36461,1
5871,36462,1
5872,36463,1
5873,36464,1
5874,36465,1
5875,36466,1
5876,36467,1
5877,36468,1
5878,36469,1
5879,36470,1
5880,36471,1
5881,36472,1
5882,36473,1
5883,36474,1
5884,36475,1
5885,36476,1
5886,36477,1
5887,36478,1
5888,36479,1
5889,36480,1
5890,36481,1
5891,36482,1
5892,36483,1
5893,36484,1
5894,36485,1
5895,36486,1
5896,36487,1
5897,36488,1
5898,36489,1
5899,36490,1
5900,36491,1
5901,36492,1
5902,36493,1
5903,36494,1
5904,36495,1
5905,36496,1
5906,36497,1
5907,36498,1
5908,36499,1
5909,36500,1
5910,36501,1
5911,36502,1
5912,36503,1
5913,36504,1
5914,36505,1
5915,36506,1
5916,36507,1
5917,36508,1
5918,36509,1
5919,36510,1
5920,36511,1
5921,36512,1
5922,36513,1
5923,36514,1
5924,36515,1
5925,36516,1
5926,36517,1
5927,36518,1
5928,36519,1
5929,36520,1
5930,36521,1
5931,36522,1
5932,36523,1
5933,36524,1
5934,36525,1
5935,36526,1
5936,36527,1
5937,36528,1
5938,36529,1
5939,36530,1
5940,36531,1
5941,36532,1
5942,36533,1
5943,36534,1
5944,36535,1
5945,36536,1
5946,36537,1
5947,36538,1
5948,36539,1
5949,36540,1
5950,36541,1
5951,36542,1
5952,36543,1
5953,36544,1
5954,36545,1
5955,36546,1
5956,36547,1
5957,36548,1
5958,36549,1
5959,36550,1
5960,36551,1
5961,36552,1
5962,36553,1
5963,36554,1
5964,36555,1
5965,36556,1
5966,36557,1
5967,36558,1
5968,36559,1
5969,36560,1
5970,36561,1
5971,36562,1
5972,36563,1
5973,36564,1
5974,36565,1
5975,36566,1
5976,36567,1
5977,36568,1
5978,36569,1
5979,36570,1
5980,36571,1
5981,36572,1
5982,36573,1
6447,36574,1
6448,36575,1
6449,36576,1
6450,36577,1
6451,36578,1
6452,36579,1
6453,36580,1
6454,36581,1
6455,36582,1
6456,36583,1
6457,36584,1
6458,36585,1
6459,36586,1
6460,36587,1
6461,36588,1
6462,36589,1
6463,36590,1
6464,36591,1
6465,36592,1
6466,36593,1
6467,36594,1
6468,36595,1
6469,36596,1
6470,36597,1
6471,36598,1
6472,36599,1
6473,36600,1
6474,36601,1
6475,36602,1
6476,36603,1
6477,36604,1
6478,36605,1
6479,36606,1
6480,36607,1
6481,36608,1
6482,36609,1
6483,36610,1
6484,36611,1
6485,36612,1
6486,36613,1
6487,36614,1
6488,36615,1
6489,36616,1
6490,36617,1
6491,36618,1
6492,36619,1
6493,36620,1
6494,36621,1
6495,36622,1
6496,36623,1
6497,36624,1
6498,36625,1
6499,36626,1
6500,36627,1
6501,36628,1
6502,36629,1
6503,36630,1
6504,36631,1
6505,36632,1
6506,36633,1
6507,36634,1
6508,36635,1
6509,36636,1
6510,36637,1
6511,36638,1
6512,36639,1
6513,36640,1
6514,36641,1
6515,36642,1
6516,36643,1
6517,36644,1
6518,36645,1
6519,36646,1
6520,36647,1
6521,36648,1
6522,36649,1
6523,36650,1
6524,36651,1
6525,36652,1
6526,36653,1
6527,36654,1
6528,36655,1
6529,36656,1
6530,36657,1
6531,36658,1
6532,36659,1
6533,36660,1
6534,36661,1
6535,36662,1
6536,36663,1
6537,36664,1
6538,36665,1
6539,36666,1
6540,36667,1
6541,36668,1
6542,36669,1
6543,36670,1
6544,36671,1
6545,36672,1
6546,36673,1
6547,36674,1
6548,36675,1
6549,36676,1
6550,36677,1
6551,36678,1
6552,36679,1
6553,36680,1
6554,36681,1
6555,36682,1
6556,36683,1
6557,36684,1
6558,36685,1
6559,36686,1
6560,36687,1
6561,36688,1
6562,36689,1
6563,36690,1
6564,36691,1
6565,36692,1
6566,36693,1
6567,36694,1
6568,36695,1
6569,36696,1
6570,36697,1
6571,36698,1
6572,36699,1
6573,36700,1
6574,36701,1
6575,36702,1
6576,36703,1
6577,36704,1
6578,36705,1
6579,36706,1
6580,36707,1
6581,36708,1
6582,36709,1
6583,36710,1
6584,36711,1
6585,36712,1
6586,36713,1
6587,36714,1
6588,36715,1
6589,36716,1
6590,36717,1
6591,36718,1
6592,36719,1
6593,36720,1
6594,36721,1
6595,36722,1
6596,36723,1
6597,36724,1
6598,36725,1
6599,36726,1
6600,36727,1
6601,36728,1
6602,36729,1
6603,36730,1
6604,36731,1
6605,36732,1
6606,36733,1
6607,36734,1
6608,36735,1
6609,36736,1
6610,36737,1
6611,36738,1
6612,36739,1
6613,36740,1
6614,36741,1
6615,36742,1
6616,36743,1
6617,36744,1
6618,36745,1
6619,36746,1
6620,36747,1
6621,36748,1
6622,36749,1
6623,36750,1
6624,36751,1
6625,36752,1
6626,36753,1
6627,36754,1
6628,36755,1
6629,36756,1
6630,36757,1
6631,36758,1
6632,36759,1
6633,36760,1
6634,36761,1
6635,36762,1
6636,36763,1
6637,36764,1
6638,36765,1
6639,36766,1
6640,36767,1
6641,36768,1
6642,36769,1
6643,36770,1
6644,36771,1
6645,36772,1
6646,36773,1
6647,36774,1
6648,36775,1
6649,36776,1
6650,36777,1
6651,36778,1
6652,36779,1
6653,36780,1
6654,36781,1
6655,36782,1
6656,36783,1
6657,36784,1
6658,36785,1
6659,36786,1
6660,36787,1
6661,36788,1
6662,36789,1
6663,36790,1
6664,36791,1
6665,36792,1
6666,36793,1
6667,36794,1
6668,36795,1
6669,36796,1
6670,36797,1
6671,36798,1
6672,36799,1
6673,36800,1
6674,36801,1
6675,36802,1
6676,36803,1
6677,36804,1
6678,36805,1
6679,36806,1
6680,36807,1
6681,36808,1
6682,36809,1
6683,36810,1
6684,36811,1
6685,36812,1
6686,36813,1
6687,36814,1
6688,36815,1
6689,36816,1
6690,36817,1
6691,36818,1
6692,36819,1
6693,36820,1
6694,36821,1
6695,36822,1
6696,36823,1
6697,36824,1
6698,36825,1
6699,36826,1
6700,36827,1
6701,36828,1
6702,36829,1
6703,36830,1
6704,36831,1
6705,36832,1
6706,36833,1
6707,36834,1
6708,36835,1
6709,36836,1
6710,36837,1
6711,36838,1
6712,36839,1
6713,36840,1
6714,36841,1
6715,36842,1
6716,36843,1
6717,36844,1
6718,36845,1
6719,36846,1
6720,36847,1
6721,36848,1
6722,36849,1
6723,36850,1
6724,36851,1
6725,36852,1
6726,36853,1
6727,36854,1
6728,36855,1
6729,36856,1
6730,36857,1
6731,36858,1
6732,36859,1
6733,36860,1
6734,36861,1
6735,36862,1
6736,36863,1
6737,36864,1
6738,36865,1
6739,36866,1
6740,36867,1
6741,36868,1
6742,36869,1
6743,36870,1
6744,36871,1
6745,36872,1
6746,36873,1
6747,36874,1
6748,36875,1
6749,36876,1
6750,36877,1
6751,36878,1
6752,36879,1
6753,36880,1
6754,36881,1
6755,36882,1
6756,36883,1
6757,36884,1
6758,36885,1
6759,36886,1
6760,36887,1
6761,36888,1
6762,36889,1
6763,36890,1
6764,36891,1
6765,36892,1
6766,36893,1
6767,36894,1
6768,36895,1
6769,36896,1
6770,36897,1
6771,36898,1
6772,36899,1
6773,36900,1
6774,36901,1
6775,36902,1
6776,36903,1
6777,36904,1
6778,36905,1
6779,36906,1
6780,36907,1
6781,36908,1
6782,36909,1
6783,36910,1
6784,36911,1
6785,36912,1
6786,36913,1
6787,36914,1
6788,36915,1
6789,36916,1
6790,36917,1
6791,36918,1
6792,36919,1
6793,36920,1
6794,36921,1
6795,36922,1
6796,36923,1
6797,36924,1
6798,36925,1
6799,36926,1
6800,36927,1
6801,36928,1
6802,36929,1
6803,36930,1
6804,36931,1
6805,36932,1
6806,36933,1
6807,36934,1
6808,36935,1
6809,36936,1
6810,36937,1
6811,36938,1
6812,36939,1
6813,36940,1
6814,36941,1
6815,36942,1
6816,36943,1
6817,36944,1
6818,36945,1
6819,36946,1
6820,36947,1
6821,36948,1
6822,36949,1
6823,36950,1
6824,36951,1
6825,36952,1
6826,36953,1
6827,36954,1
6828,36955,1
6829,36956,1
6830,36957,1
6831,36958,1
6832,36959,1
6833,36960,1
6834,36961,1
6835,36962,1
6836,36963,1
6837,36964,1
6838,36965,1
6839,36966,1
6840,36967,1
6841,36968,1
6842,36969,1
6843,36970,1
6844,36971,1
6845,36972,1
6846,36973,1
6847,36974,1
6848,36975,1
6849,36976,1
6850,36977,1
6851,36978,1
6852,36979,1
6853,36980,1
6854,36981,1
6855,36982,1
6856,36983,1
6857,36984,1
6858,36985,1
6859,36986,1
6860,36987,1
6861,36988,1
6862,36989,1
6863,36990,1
6864,36991,1
6865,36992,1
6866,36993,1
6867,36994,1
6868,36995,1
6869,36996,1
6870,36997,1
6871,36998,1
6872,36999,1
6873,37000,1
6874,37001,1
6875,37002,1
6876,37003,1
6877,37004,1
6878,37005,1
6879,37006,1
6880,37007,1
6881,37008,1
6882,37009,1
6883,37010,1
6884,37011,1
6885,37012,1
6886,37013,1
6887,37014,1
6888,37015,1
6889,37016,1
6890,37017,1
6891,37018,1
6892,37019,1
6893,37020,1
6894,37021,1
6895,37022,1
6896,37023,1
6897,37024,1
6898,37025,1
6899,37026,1
6900,37027,1
6901,37028,1
6902,37029,1
6903,37030,1
6904,37031,1
6905,37032,1
6906,37033,1
6907,37034,1
6908,37035,1
6909,37036,1
6910,37037,1
6911,37038,1
6912,37039,1
6913,37040,1
6914,37041,1
6915,37042,1
6916,37043,1
6917,37044,1
6918,37045,1
6919,37046,1
6920,37047,1
6921,37048,1
6922,37049,1
6923,37050,1
6924,37051,1
6925,37052,1
6926,37053,1
6927,37054,1
6928,37055,1
6929,37056,1
6930,37057,1
6931,37058,1
6932,37059,1
6933,37060,1
6934,37061,1
6935,37062,1
6936,37063,1
6937,37064,1
6938,37065,1
6939,37066,1
6940,37067,1
6941,37068,1
6942,37069,1
6943,37070,1
6944,37071,1
6945,37072,1
6946,37073,1
6947,37074,1
6948,37075,1
6949,37076,1
6950,37077,1
6951,37078,1
6952,37079,1
6953,37080,1
6954,37081,1
6955,37082,1
6956,37083,1
6957,37084,1
6958,37085,1
6959,37086,1
6960,37087,1
6961,37088,1
6962,37089,1
6963,37090,1
6964,37091,1
6965,37092,1
6966,37093,1
6967,37094,1
6968,37095,1
6969,37096,1
6970,37097,1
6971,37098,1
6972,37099,1
6973,37100,1
6974,37101,1
6975,37102,1
6976,37103,1
6977,37104,1
6978,37105,1
6979,37106,1
6980,37107,1
6981,37108,1
6982,37109,1
6983,37110,1
6984,37111,1
6985,37112,1
6986,37113,1
6987,37114,1
6988,37115,1
6989,37116,1
6990,37117,1
6991,37118,1
6992,37119,1
6993,37120,1
6994,37121,1
6995,37122,1
6996,37123,1
6997,37124,1
6998,37125,1
6999,37126,1
7000,37127,1
7001,37128,1
7002,37129,1
7003,37130,1
7004,37131,1
7005,37132,1
7006,37133,1
7007,37134,1
7008,37135,1
7009,37136,1
7010,37137,1
7011,37138,1
7012,37139,1
7013,37140,1
7014,37141,1
7015,37142,1
7016,37143,1
7017,37144,1
7018,37145,1
7019,37146,1
7020,37147,1
7021,37148,1
7022,37149,1
7023,37150,1
7024,37151,1
7025,37152,1
7026,37153,1
7027,37154,1
7028,37155,1
7029,37156,1
7030,37157,1
7031,37158,1
7032,37159,1
7033,37160,1
7034,37161,1
7035,37162,1
7036,37163,1
7037,37164,1
7038,37165,1
7039,37166,1
7040,37167,1
7041,37168,1
7042,37169,1
7043,37170,1
7044,37171,1
7045,37172,1
7046,37173,1
7047,37174,1
7048,37175,1
7049,37176,1
7050,37177,1
9042,37178,1
9043,37179,1
9044,37180,1
9045,37181,1
9046,37182,1
9047,37183,1
9048,37184,1
9049,37185,1
9050,37186,1
9051,37187,1
9052,37188,1
9053,37189,1
9054,37190,1
9055,37191,1
9056,37192,1
9057,37193,1
9058,37194,1
9059,37195,1
9060,37196,1
9061,37197,1
9062,37198,1
9063,37199,1
9064,37200,1
9065,37201,1
9066,37202,1
9067,37203,1
9068,37204,1
9069,37205,1
9070,37206,1
9071,37207,1
9072,37208,1
9073,37209,1
9074,37210,1
9075,37211,1
9076,37212,1
9077,37213,1
9078,37214,1
9079,37215,1
9080,37216,1
9081,37217,1
9082,37218,1
9083,37219,1
9084,37220,1
9085,37221,1
9086,37222,1
9087,37223,1
9088,37224,1
9089,37225,1
9090,37226,1
9091,37227,1
9092,37228,1
9093,37229,1
9094,37230,1
9095,37231,1
9096,37232,1
9097,37233,1
9098,37234,1
9099,37235,1
9100,37236,1
9101,37237,1
9102,37238,1
9103,37239,1
9104,37240,1
9105,37241,1
9106,37242,1
9107,37243,1
9108,37244,1
9109,37245,1
9110,37246,1
9111,37247,1
9112,37248,1
9113,37249,1
9114,37250,1
9115,37251,1
9116,37252,1
9117,37253,1
9118,37254,1
9119,37255,1
9120,37256,1
9121,37257,1
9122,37258,1
9123,37259,1
9124,37260,1
9125,37261,1
9126,37262,1
9127,37263,1
9128,37264,1
9129,37265,1
9130,37266,1
9131,37267,1
9132,37268,1
9133,37269,1
9134,37270,1
9135,37271,1
9136,37272,1
9137,37273,1
9138,37274,1
9139,37275,1
9140,37276,1
9141,37277,1
9142,37278,1
9143,37279,1
9144,37280,1
9145,37281,1
9146,37282,1
9147,37283,1
9148,37284,1
9149,37285,1
9150,37286,1
9151,37287,1
9152,37288,1
9153,37289,1
9154,37290,1
9155,37291,1
9156,37292,1
9157,37293,1
9158,37294,1
9159,37295,1
9160,37296,1
9161,37297,1
9162,37298,1
9163,37299,1
9164,37300,1
9165,37301,1
9166,37302,1
9167,37303,1
9168,37304,1
9169,37305,1
9170,37306,1
9171,37307,1
9172,37308,1
9173,37309,1
9174,37310,1
9175,37311,1
9176,37312,1
9177,37313,1
9178,37314,1
9179,37315,1
9180,37316,1
9181,37317,1
9182,37318,1
9183,37319,1
9184,37320,1
9185,37321,1
9186,37322,1
9187,37323,1
9188,37324,1
9189,37325,1
9190,37326,1
9191,37327,1
9192,37328,1
9193,37329,1
9194,37330,1
9195,37331,1
9196,37332,1
9197,37333,1
9198,37334,1
9199,37335,1
9200,37336,1
9201,37337,1
9202,37338,1
9203,37339,1
9204,37340,1
9205,37341,1
9206,37342,1
9207,37343,1
9208,37344,1
9209,37345,1
9210,37346,1
9211,37347,1
9212,37348,1
9213,37349,1
9214,37350,1
9215,37351,1
9216,37352,1
9217,37353,1
9218,37354,1
9219,37355,1
9220,37356,1
9221,37357,1
9222,37358,1
9223,37359,1
9224,37360,1
9225,37361,1
9226,37362,1
9227,37363,1
9228,37364,1
9229,37365,1
9230,37366,1
9231,37367,1
9232,37368,1
9233,37369,1
9234,37370,1
9235,37371,1
9236,37372,1
9237,37373,1
9238,37374,1
9239,37375,1
9240,37376,1
9241,37377,1
9242,37378,1
9243,37379,1
9244,37380,1
9245,37381,1
9246,37382,1
9247,37383,1
9248,37384,1
9249,37385,1
9250,37386,1
9251,37387,1
9252,37388,1
9253,37389,1
9254,37390,1
9255,37391,1
9256,37392,1
9257,37393,1
9258,37394,1
9259,37395,1
9260,37396,1
9261,37397,1
9262,37398,1
9263,37399,1
9264,37400,1
9265,37401,1
9266,37402,1
9267,37403,1
9268,37404,1
9269,37405,1
9270,37406,1
9271,37407,1
9272,37408,1
9273,37409,1
9274,37410,1
9275,37411,1
9276,37412,1
9277,37413,1
9278,37414,1
9279,37415,1
9280,37416,1
9281,37417,1
9282,37418,1
9283,37419,1
9284,37420,1
9285,37421,1
9286,37422,1
9287,37423,1
9288,37424,1
9289,37425,1
9290,37426,1
9291,37427,1
9292,37428,1
9293,37429,1
9294,37430,1
9295,37431,1
9296,37432,1
9297,37433,1
9298,37434,1
9299,37435,1
9300,37436,1
9301,37437,1
9302,37438,1
9303,37439,1
9304,37440,1
9305,37441,1
9306,37442,1
9307,37443,1
9308,37444,1
9309,37445,1
9310,37446,1
9311,37447,1
9312,37448,1
9313,37449,1
9314,37450,1
9315,37451,1
9316,37452,1
9317,37453,1
9318,37454,1
9319,37455,1
9320,37456,1
9321,37457,1
9322,37458,1
9323,37459,1
9324,37460,1
9325,37461,1
9326,37462,1
9327,37463,1
9328,37464,1
9329,37465,1
9330,37466,1
9331,37467,1
9332,37468,1
9333,37469,1
9334,37470,1
9335,37471,1
9336,37472,1
9337,37473,1
9338,37474,1
9339,37475,1
9340,37476,1
9341,37477,1
9342,37478,1
9343,37479,1
9344,37480,1
9345,37481,1
9346,37482,1
9347,37483,1
9348,37484,1
9349,37485,1
9350,37486,1
9351,37487,1
9352,37488,1
9353,37489,1
9354,37490,1
9355,37491,1
9356,37492,1
9357,37493,1
9358,37494,1
9359,37495,1
9360,37496,1
9361,37497,1
9362,37498,1
9363,37499,1
9364,37500,1
9365,37501,1
9366,37502,1
9367,37503,1
9368,37504,1
9369,37505,1
9370,37506,1
9371,37507,1
9372,37508,1
9373,37509,1
9374,37510,1
9375,37511,1
9376,37512,1
9377,37513,1
9378,37514,1
9379,37515,1
9380,37516,1
9381,37517,1
9382,37518,1
9383,37519,1
9384,37520,1
9385,37521,1
9386,37522,1
9387,37523,1
9388,37524,1
9389,37525,1
9390,37526,1
9391,37527,1
9392,37528,1
9393,37529,1
9394,37530,1
9395,37531,1
9396,37532,1
9397,37533,1
9398,37534,1
9399,37535,1
9400,37536,1
9401,37537,1
9402,37538,1
9403,37539,1
9404,37540,1
9405,37541,1
9406,37542,1
9407,37543,1
9408,37544,1
9409,37545,1
9410,37546,1
9411,37547,1
9412,37548,1
9413,37549,1
9414,37550,1
9415,37551,1
9416,37552,1
9417,37553,1
9418,37554,1
9419,37555,1
9420,37556,1
9421,37557,1
9422,37558,1
9423,37559,1
9424,37560,1
9425,37561,1
9426,37562,1
9427,37563,1
9428,37564,1
9429,37565,1
9430,37566,1
9431,37567,1
9432,37568,1
9433,37569,1
9434,37570,1
9435,37571,1
9436,37572,1
9437,37573,1
9438,37574,1
9439,37575,1
9440,37576,1
9441,37577,1
9442,37578,1
9443,37579,1
9444,37580,1
9445,37581,1
9446,37582,1
9447,37583,1
9448,37584,1
9449,37585,1
9450,37586,1
9451,37587,1
9452,37588,1
9453,37589,1
9454,37590,1
9455,37591,1
9456,37592,1
9457,37593,1
9458,37594,1
9459,37595,1
9460,37596,1
9461,37597,1
9462,37598,1
9463,37599,1
9464,37600,1
9465,37601,1
9466,37602,1
9467,37603,1
9468,37604,1
9469,37605,1
9470,37606,1
9471,37607,1
9472,37608,1
9473,37609,1
9474,37610,1
9475,37611,1
9476,37612,1
9477,37613,1
9478,37614,1
9479,37615,1
9480,37616,1
9481,37617,1
9482,37618,1
9483,37619,1
9484,37620,1
9485,37621,1
9486,37622,1
9487,37623,1
9488,37624,1
9489,37625,1
9490,37626,1
9491,37627,1
9492,37628,1
9493,37629,1
9494,37630,1
9495,37631,1
9496,37632,1
9497,37633,1
9498,37634,1
9499,37635,1
9500,37636,1
9501,37637,1
9502,37638,1
9503,37639,1
9504,37640,1
9505,37641,1
9506,37642,1
9507,37643,1
9508,37644,1
9509,37645,1
9510,37646,1
9511,37647,1
9512,37648,1
9513,37649,1
9514,37650,1
9515,37651,1
9516,37652,1
9517,37653,1
9518,37654,1
9519,37655,1
9520,37656,1
9521,37657,1
9522,37658,1
9523,37659,1
9524,37660,1
9525,37661,1
9526,37662,1
9527,37663,1
9528,37664,1
9529,37665,1
9530,37666,1
9531,37667,1
9532,37668,1
9533,37669,1
9534,37670,1
9535,37671,1
9536,37672,1
9537,37673,1
9538,37674,1
9539,37675,1
9540,37676,1
9541,37677,1
9542,37678,1
9543,37679,1
9544,37680,1
9545,37681,1
9546,37682,1
9547,37683,1
9548,37684,1
9549,37685,1
9550,37686,1
9551,37687,1
9552,37688,1
9553,37689,1
9554,37690,1
9555,37691,1
9556,37692,1
9557,37693,1
9558,37694,1
9559,37695,1
9560,37696,1
9561,37697,1
9562,37698,1
9563,37699,1
9564,37700,1
9565,37701,1
9566,37702,1
9567,37703,1
9568,37704,1
9569,37705,1
9570,37706,1
9571,37707,1
9572,37708,1
9573,37709,1
9574,37710,1
9575,37711,1
9576,37712,1
9577,37713,1
9578,37714,1
9579,37715,1
9580,37716,1
9581,37717,1
9582,37718,1
9583,37719,1
9584,37720,1
9585,37721,1
9586,37722,1
9587,37723,1
9588,37724,1
9589,37725,1
9590,37726,1
9591,37727,1
9592,37728,1
9593,37729,1
9594,37730,1
9595,37731,1
9596,37732,1
9597,37733,1
9598,37734,1
9599,37735,1
9600,37736,1
9601,37737,1
9602,37738,1
9603,37739,1
9604,37740,1
9605,37741,1
9606,37742,1
9607,37743,1
9608,37744,1
9609,37745,1
9610,37746,1
9611,37747,1
9612,37748,1
9613,37749,1
9614,37750,1
9615,37751,1
9616,37752,1
9617,37753,1
9618,37754,1
9619,37755,1
9620,37756,1
9621,37757,1
9622,37758,1
9623,37759,1
9624,37760,1
9625,37761,1
9626,37762,1
9627,37763,1
9628,37764,1
9629,37765,1
9630,37766,1
9631,37767,1
9632,37768,1
9633,37769,1
9634,37770,1
9635,37771,1
9636,37772,1
9637,37773,1
9638,37774,1
9639,37775,1
9640,37776,1
9641,37777,1
9642,37778,1
9643,37779,1
9644,37780,1
9645,37781,1
9646,37782,1
9647,37783,1
9648,37784,1
9649,37785,1
9650,37786,1
9651,37787,1
9652,37788,1
9653,37789,1
9654,37790,1
9655,37791,1
9656,37792,1
9657,37793,1
9658,37794,1
9659,37795,1
9660,37796,1
9661,37797,1
9662,37798,1
9663,37799,1
9664,37800,1
9665,37801,1
9666,37802,1
9667,37803,1
9668,37804,1
9669,37805,1
9670,37806,1
9671,37807,1
9672,37808,1
9673,37809,1
9674,37810,1
9675,37811,1
9676,37812,1
9677,37813,1
9678,37814,1
9679,37815,1
9680,37816,1
9681,37817,1
9682,37818,1
9683,37819,1
9684,37820,1
9685,37821,1
9686,37822,1
9687,37823,1
9688,37824,1
9689,37825,1
9690,37826,1
9691,37827,1
9692,37828,1
9693,37829,1
9694,37830,1
9695,37831,1
9696,37832,1
9697,37833,1
9698,37834,1
9699,37835,1
9700,37836,1
9701,37837,1
9702,37838,1
9703,37839,1
9704,37840,1
9705,37841,1
9706,37842,1
9707,37843,1
9708,37844,1
9709,37845,1
9710,37846,1
9711,37847,1
9712,37848,1
9713,37849,1
9714,37850,1
9715,37851,1
9716,37852,1
9717,37853,1
9718,37854,1
9719,37855,1
9720,37856,1
9721,37857,1
9722,37858,1
9723,37859,1
9724,37860,1
9725,37861,1
9726,37862,1
9727,37863,1
9728,37864,1
9729,37865,1
9730,37866,1
9731,37867,1
9732,37868,1
9733,37869,1
9734,37870,1
9735,37871,1
9736,37872,1
9737,37873,1
9738,37874,1
9739,37875,1
9740,37876,1
9741,37877,1
9742,37878,1
9743,37879,1
9744,37880,1
9745,37881,1
9746,37882,1
9747,37883,1
9748,37884,1
9749,37885,1
9750,37886,1
9751,37887,1
9752,37888,1
9753,37889,1
9754,37890,1
9755,37891,1
9756,37892,1
9757,37893,1
9758,37894,1
9759,37895,1
9760,37896,1
9761,37897,1
9762,37898,1
9763,37899,1
9764,37900,1
9765,37901,1
9766,37902,1
9767,37903,1
9768,37904,1
9769,37905,1
9770,37906,1
9771,37907,1
9772,37908,1
9773,37909,1
9774,37910,1
9775,37911,1
9776,37912,1
9777,37913,1
9778,37914,1
9779,37915,1
9780,37916,1
9781,37917,1
9782,37918,1
9783,37919,1
9784,37920,1
9785,37921,1
9786,37922,1
9787,37923,1
9788,37924,1
9789,37925,1
9790,37926,1
9791,37927,1
9792,37928,1
9793,37929,1
9794,37930,1
9795,37931,1
9796,37932,1
9797,37933,1
9798,37934,1
9799,37935,1
9800,37936,1
9801,37937,1
9802,37938,1
9803,37939,1
9804,37940,1
9805,37941,1
9806,37942,1
9807,37943,1
9808,37944,1
9809,37945,1
9810,37946,1
9811,37947,1
9812,37948,1
9813,37949,1
9814,37950,1
9815,37951,1
9816,37952,1
9817,37953,1
9818,37954,1
9819,37955,1
9820,37956,1
9821,37957,1
9822,37958,1
9823,37959,1
9824,37960,1
9825,37961,1
9826,37962,1
9827,37963,1
9828,37964,1
9829,37965,1
9830,37966,1
9831,37967,1
9832,37968,1
9833,37969,1
9834,37970,1
9835,37971,1
9836,37972,1
9837,37973,1
9838,37974,1
9839,37975,1
9840,37976,1
9841,37977,1
9842,37978,1
9843,37979,1
9844,37980,1
9845,37981,1
9846,37982,1
9847,37983,1
9848,37984,1
9849,37985,1
9850,37986,1
9851,37987,1
9852,37988,1
9853,37989,1
9854,37990,1
9855,37991,1
9856,37992,1
9857,37993,1
9858,37994,1
9859,37995,1
9860,37996,1
9861,37997,1
9862,37998,1
9863,37999,1
9864,38000,1
9865,38001,1
9866,38002,1
9867,38003,1
9868,38004,1
9869,38005,1
9870,38006,1
9871,38007,1
9872,38008,1
9873,38009,1
9874,38010,1
9875,38011,1
9876,38012,1
9877,38013,1
9878,38014,1
9879,38015,1
9880,38016,1
9881,38017,1
9882,38018,1
9883,38019,1
9884,38020,1
9885,38021,1
9886,38022,1
9887,38023,1
9888,38024,1
9889,38025,1
9890,38026,1
9891,38027,1
9892,38028,1
9893,38029,1
9894,38030,1
9895,38031,1
9896,38032,1
9897,38033,1
9898,38034,1
9899,38035,1
9900,38036,1
9901,38037,1
9902,38038,1
9903,38039,1
9904,38040,1
9905,38041,1
9906,38042,1
9907,38043,1
9908,38044,1
9909,38045,1
9910,38046,1
9911,38047,1
9912,38048,1
9913,38049,1
9914,38050,1
9915,38051,1
9916,38052,1
9917,38053,1
9918,38054,1
9919,38055,1
9920,38056,1
9921,38057,1
9922,38058,1
9923,38059,1
9924,38060,1
9925,38061,1
9926,38062,1
9927,38063,1
9928,38064,1
9929,38065,1
9930,38066,1
9931,38067,1
9932,38068,1
9933,38069,1
9934,38070,1
9935,38071,1
9936,38072,1
9937,38073,1
9938,38074,1
9939,38075,1
9940,38076,1
9941,38077,1
9942,38078,1
9943,38079,1
9944,38080,1
9945,38081,1
9946,38082,1
9947,38083,1
9948,38084,1
9949,38085,1
9950,38086,1
9951,38087,1
9952,38088,1
9953,38089,1
9954,38090,1
9955,38091,1
9956,38092,1
9957,38093,1
9958,38094,1
9959,38095,1
9960,38096,1
9961,38097,1
9962,38098,1
9963,38099,1
9964,38100,1
9965,38101,1
9966,38102,1
9967,38103,1
9968,38104,1
9969,38105,1
9970,38106,1
9971,38107,1
9972,38108,1
9973,38109,1
9974,38110,1
9975,38111,1
9976,38112,1
9977,38113,1
9978,38114,1
9979,38115,1
9980,38116,1
9981,38117,1
9982,38118,1
9983,38119,1
9984,38120,1
9985,38121,1
9986,38122,1
9987,38123,1
9988,38124,1
9989,38125,1
9990,38126,1
9991,38127,1
9992,38128,1
9993,38129,1
9994,38130,1
9995,38131,1
9996,38132,1
9997,38133,1
9998,38134,1
9999,38135,1
10000,38136,1
10001,38137,1
10002,38138,1
10003,38139,1
10004,38140,1
10005,38141,1
10006,38142,1
10007,38143,1
10008,38144,1
10009,38145,1
10010,38146,1
10011,38147,1
10012,38148,1
10013,38149,1
10014,38150,1
10015,38151,1
10016,38152,1
10017,38153,1
10018,38154,1
10019,38155,1
10020,38156,1
10021,38157,1
10022,38158,1
10023,38159,1
10024,38160,1
10025,38161,1
10026,38162,1
10027,38163,1
10028,38164,1
10029,38165,1
10030,38166,1
10031,38167,1
10032,38168,1
10033,38169,1
10034,38170,1
10035,38171,1
10036,38172,1
10037,38173,1
10038,38174,1
10039,38175,1
10040,38176,1
10041,38177,1
10042,38178,1
10043,38179,1
10044,38180,1
10045,38181,1
10046,38182,1
10047,38183,1
10048,38184,1
10049,38185,1
10050,38186,1
10051,38187,1
10052,38188,1
10053,38189,1
10054,38190,1
10055,38191,1
10056,38192,1
10057,38193,1
10058,38194,1
10059,38195,1
10060,38196,1
10061,38197,1
10062,38198,1
10063,38199,1
10064,38200,1
10065,38201,1
10066,38202,1
10067,38203,1
10068,38204,1
10069,38205,1
10070,38206,1
10071,38207,1
10072,38208,1
10073,38209,1
10074,38210,1
10075,38211,1
10076,38212,1
10077,38213,1
10078,38214,1
10079,38215,1
10080,38216,1
10081,38217,1
10082,38218,1
10083,38219,1
10084,38220,1
10085,38221,1
10086,38222,1
10087,38223,1
10088,38224,1
10089,38225,1
10090,38226,1
10091,38227,1
10092,38228,1
10093,38229,1
10094,38230,1
10095,38231,1
10096,38232,1
10097,38233,1
10098,38234,1
10099,38235,1
10100,38236,1
10101,38237,1
10102,38238,1
10103,38239,1
10104,38240,1
10105,38241,1
10106,38242,1
10107,38243,1
10108,38244,1
10109,38245,1
10110,38246,1
10111,38247,1
10112,38248,1
10113,38249,1
10114,38250,1
10115,38251,1
10116,38252,1
10117,38253,1
10118,38254,1
10119,38255,1
10120,38256,1
10121,38257,1
10122,38258,1
10123,38259,1
10124,38260,1
10125,38261,1
10126,38262,1
10127,38263,1
10128,38264,1
10129,38265,1
10130,38266,1
10131,38267,1
10132,38268,1
10133,38269,1
10134,38270,1
10135,38271,1
10136,38272,1
10137,38273,1
10138,38274,1
10139,38275,1
10140,38276,1
10141,38277,1
10142,38278,1
10143,38279,1
10144,38280,1
10145,38281,1
10146,38282,1
10147,38283,1
10148,38284,1
10149,38285,1
10150,38286,1
10151,38287,1
10152,38288,1
10153,38289,1
10154,38290,1
10155,38291,1
10156,38292,1
10157,38293,1
10158,38294,1
10159,38295,1
10160,38296,1
10161,38297,1
10162,38298,1
10163,38299,1
10164,38300,1
10165,38301,1
10166,38302,1
10167,38303,1
10168,38304,1
10169,38305,1
10170,38306,1
10171,38307,1
10172,38308,1
10173,38309,1
10174,38310,1
10175,38311,1
10176,38312,1
10177,38313,1
10178,38314,1
10179,38315,1
10180,38316,1
10181,38317,1
10182,38318,1
10183,38319,1
10184,38320,1
10185,38321,1
10186,38322,1
10187,38323,1
10188,38324,1
10189,38325,1
10190,38326,1
10191,38327,1
10192,38328,1
10193,38329,1
10194,38330,1
10195,38331,1
10196,38332,1
10197,38333,1
10198,38334,1
10199,38335,1
10200,38336,1
10201,38337,1
10202,38338,1
10203,38339,1
10204,38340,1
10205,38341,1
10206,38342,1
10207,38343,1
10208,38344,1
10209,38345,1
10210,38346,1
10211,38347,1
10212,38348,1
10213,38349,1
10214,38350,1
10215,38351,1
10216,38352,1
10217,38353,1
10218,38354,1
10219,38355,1
10220,38356,1
10221,38357,1
10222,38358,1
10223,38359,1
10224,38360,1
10225,38361,1
10226,38362,1
10227,38363,1
10228,38364,1
10229,38365,1
10230,38366,1
10231,38367,1
10232,38368,1
10233,38369,1
10234,38370,1
10235,38371,1
10236,38372,1
10237,38373,1
10238,38374,1
10239,38375,1
10240,38376,1
10241,38377,1
10242,38378,1
10243,38379,1
10244,38380,1
10245,38381,1
10246,38382,1
10247,38383,1
10248,38384,1
10249,38385,1
10250,38386,1
10251,38387,1
10252,38388,1
10253,38389,1
10254,38390,1
10255,38391,1
10256,38392,1
10257,38393,1
10258,38394,1
10259,38395,1
10260,38396,1
10261,38397,1
10262,38398,1
10263,38399,1
10264,38400,1
10265,38401,1
10266,38402,1
10267,38403,1
10268,38404,1
10269,38405,1
10270,38406,1
10271,38407,1
10272,38408,1
10273,38409,1
10274,38410,1
10275,38411,1
10276,38412,1
10277,38413,1
10278,38414,1
10279,38415,1
10280,38416,1
10281,38417,1
10282,38418,1
10283,38419,1
10284,38420,1
10285,38421,1
10286,38422,1
10287,38423,1
10288,38424,1
10289,38425,1
10290,38426,1
10291,38427,1
10292,38428,1
10293,38429,1
10294,38430,1
10295,38431,1
10296,38432,1
10297,38433,1
10298,38434,1
10299,38435,1
10300,38436,1
10301,38437,1
10302,38438,1
10303,38439,1
10304,38440,1
10305,38441,1
10306,38442,1
10307,38443,1
10308,38444,1
10309,38445,1
10310,38446,1
10311,38447,1
10312,38448,1
10313,38449,1
10314,38450,1
10315,38451,1
10316,38452,1
10317,38453,1
10318,38454,1
10319,38455,1
10320,38456,1
10321,38457,1
10322,38458,1
10323,38459,1
10324,38460,1
10325,38461,1
10326,38462,1
10327,38463,1
10328,38464,1
10329,38465,1
10330,38466,1
10331,38467,1
10332,38468,1
10333,38469,1
10334,38470,1
10335,38471,1
10336,38472,1
10337,38473,1
10338,38474,1
10339,38475,1
10340,38476,1
10341,38477,1
10342,38478,1
10343,38479,1
10344,38480,1
10345,38481,1
10346,38482,1
10347,38483,1
10348,38484,1
10349,38485,1
10350,38486,1
10351,38487,1
10352,38488,1
10353,38489,1
10354,38490,1
10355,38491,1
10356,38492,1
10357,38493,1
10358,38494,1
10359,38495,1
10360,38496,1
10361,38497,1
10362,38498,1
10363,38499,1
10364,38500,1
10365,38501,1
10366,38502,1
10367,38503,1
10368,38504,1
10369,38505,1
10370,38506,1
10371,38507,1
10372,38508,1
10373,38509,1
10374,38510,1
10375,38511,1
10376,38512,1
10377,38513,1
10378,38514,1
10379,38515,1
10380,38516,1
10381,38517,1
10382,38518,1
10383,38519,1
10384,38520,1
10385,38521,1
10386,38522,1
10387,38523,1
10388,38524,1
10389,38525,1
10390,38526,1
10391,38527,1
10392,38528,1
10393,38529,1
10394,38530,1
10395,38531,1
10396,38532,1
10397,38533,1
10398,38534,1
10399,38535,1
10400,38536,1
10401,38537,1
10402,38538,1
10403,38539,1
10404,38540,1
10405,38541,1
10406,38542,1
10407,38543,1
10408,38544,1
10409,38545,1
10410,38546,1
10411,38547,1
10412,38548,1
10413,38549,1
10414,38550,1
10415,38551,1
10416,38552,1
10417,38553,1
10418,38554,1
10419,38555,1
10420,38556,1
10421,38557,1
10422,38558,1
10423,38559,1
10424,38560,1
10425,38561,1
10426,38562,1
10427,38563,1
10428,38564,1
10429,38565,1
10430,38566,1
10431,38567,1
10432,38568,1
10433,38569,1
10434,38570,1
10435,38571,1
10436,38572,1
10437,38573,1
10438,38574,1
10439,38575,1
10440,38576,1
10441,38577,1
10442,38578,1
10443,38579,1
10444,38580,1
10445,38581,1
10446,38582,1
10447,38583,1
10448,38584,1
10449,38585,1
10450,38586,1
10451,38587,1
10452,38588,1
10453,38589,1
10454,38590,1
10455,38591,1
10456,38592,1
10457,38593,1
10458,38594,1
10459,38595,1
10460,38596,1
10461,38597,1
10462,38598,1
10463,38599,1
10464,38600,1
10465,38601,1
10466,38602,1
10467,38603,1
10468,38604,1
10469,38605,1
10470,38606,1
10471,38607,1
10472,38608,1
10473,38609,1
10474,38610,1
10475,38611,1
10476,38612,1
10477,38613,1
10478,38614,1
10479,38615,1
10480,38616,1
10481,38617,1
10482,38618,1
10483,38619,1
10484,38620,1
10485,38621,1
10486,38622,1
10487,38623,1
10488,38624,1
10489,38625,1
10490,38626,1
10491,38627,1
10492,38628,1
10493,38629,1
10494,38630,1
10495,38631,1
10496,38632,1
10497,38633,1
10498,38634,1
10499,38635,1
10500,38636,1
10501,38637,1
10502,38638,1
10503,38639,1
10504,38640,1
10505,38641,1
10506,38642,1
10507,38643,1
10508,38644,1
10509,38645,1
10510,38646,1
10511,38647,1
10512,38648,1
10513,38649,1
10514,38650,1
10515,38651,1
10516,38652,1
10517,38653,1
10518,38654,1
10519,38655,1
10520,38656,1
10521,38657,1
10522,38658,1
10523,38659,1
10524,38660,1
10525,38661,1
10526,38662,1
10527,38663,1
10528,38664,1
10529,38665,1
10530,38666,1
10531,38667,1
10532,38668,1
10533,38669,1
10534,38670,1
10535,38671,1
10536,38672,1
10537,38673,1
10538,38674,1
10539,38675,1
10540,38676,1
10541,38677,1
10542,38678,1
10543,38679,1
10544,38680,1
10545,38681,1
10546,38682,1
10547,38683,1
10548,38684,1
10549,38685,1
10550,38686,1
10551,38687,1
10552,38688,1
10553,38689,1
10554,38690,1
10555,38691,1
10556,38692,1
10557,38693,1
10558,38694,1
10559,38695,1
10560,38696,1
10561,38697,1
10562,38698,1
10563,38699,1
10564,38700,1
10565,38701,1
10566,38702,1
10567,38703,1
10568,38704,1
10569,38705,1
10570,38706,1
10571,38707,1
10572,38708,1
10573,38709,1
10574,38710,1
10575,38711,1
10576,38712,1
10577,38713,1
10578,38714,1
10579,38715,1
10580,38716,1
10581,38717,1
10582,38718,1
10583,38719,1
10584,38720,1
10585,38721,1
10586,38722,1
10587,38723,1
10588,38724,1
10589,38725,1
10590,38726,1
10591,38727,1
10592,38728,1
10593,38729,1
10594,38730,1
10595,38731,1
10596,38732,1
10597,38733,1
10598,38734,1
10599,38735,1
10600,38736,1
10601,38737,1
10602,38738,1
10603,38739,1
10604,38740,1
10605,38741,1
10606,38742,1
10607,38743,1
10608,38744,1
10609,38745,1
10610,38746,1
10611,38747,1
10612,38748,1
10613,38749,1
10614,38750,1
10615,38751,1
10616,38752,1
10617,38753,1
10618,38754,1
10619,38755,1
10620,38756,1
10621,38757,1
10622,38758,1
10623,38759,1
10624,38760,1
10625,38761,1
10626,38762,1
10627,38763,1
10628,38764,1
10629,38765,1
10630,38766,1
10631,38767,1
10632,38768,1
10633,38769,1
10634,38770,1
10635,38771,1
10636,38772,1
10637,38773,1
10638,38774,1
10639,38775,1
10640,38776,1
10641,38777,1
10642,38778,1
10643,38779,1
10644,38780,1
10645,38781,1
10646,38782,1
10647,38783,1
10648,38784,1
10649,38785,1
10650,38786,1
10651,38787,1
10652,38788,1
10653,38789,1
10654,38790,1
10655,38791,1
10656,38792,1
10657,38793,1
10658,38794,1
10659,38795,1
10660,38796,1
10661,38797,1
10662,38798,1
10663,38799,1
10664,38800,1
10665,38801,1
10666,38802,1
10667,38803,1
10668,38804,1
10669,38805,1
10670,38806,1
10671,38807,1
10672,38808,1
10673,38809,1
10674,38810,1
10675,38811,1
10676,38812,1
10677,38813,1
10678,38814,1
10679,38815,1
10680,38816,1
10681,38817,1
10682,38818,1
10683,38819,1
10684,38820,1
10685,38821,1
10686,38822,1
10687,38823,1
10688,38824,1
10689,38825,1
10690,38826,1
10691,38827,1
10692,38828,1
10693,38829,1
10694,38830,1
10695,38831,1
10696,38832,1
10697,38833,1
10698,38834,1
10699,38835,1
10700,38836,1
10701,38837,1
10702,38838,1
10703,38839,1
10704,38840,1
10705,38841,1
10706,38842,1
10707,38843,1
10708,38844,1
10709,38845,1
10710,38846,1
10711,38847,1
10712,38848,1
10713,38849,1
10714,38850,1
10715,38851,1
10716,38852,1
10717,38853,1
10718,38854,1
10719,38855,1
10720,38856,1
10721,38857,1
10722,38858,1
10723,38859,1
10724,38860,1
10725,38861,1
10726,38862,1
10727,38863,1
10728,38864,1
10729,38865,1
10730,38866,1
10731,38867,1
10732,38868,1
10733,38869,1
10734,38870,1
10735,38871,1
10736,38872,1
10737,38873,1
10738,38874,1
10739,38875,1
10740,38876,1
10741,38877,1
10742,38878,1
10743,38879,1
10744,38880,1
10745,38881,1
10746,38882,1
10747,38883,1
10748,38884,1
10749,38885,1
10750,38886,1
10751,38887,1
10752,38888,1
10753,38889,1
10754,38890,1
10755,38891,1
10756,38892,1
10757,38893,1
10758,38894,1
10759,38895,1
10760,38896,1
10761,38897,1
10762,38898,1
10763,38899,1
10764,38900,1
10765,38901,1
10766,38902,1
10767,38903,1
10768,38904,1
10769,38905,1
10770,38906,1
10771,38907,1
10772,38908,1
10773,38909,1
10774,38910,1
10775,38911,1
10776,38912,1
10777,38913,1
10778,38914,1
10779,38915,1
10780,38916,1
10781,38917,1
10782,38918,1
10783,38919,1
10784,38920,1
10785,38921,1
10786,38922,1
10787,38923,1
10788,38924,1
10789,38925,1
10790,38926,1
10791,38927,1
10792,38928,1
10793,38929,1
10794,38930,1
10795,38931,1
10796,38932,1
10797,38933,1
10798,38934,1
10799,38935,1
10800,38936,1
10801,38937,1
10802,38938,1
10803,38939,1
10804,38940,1
10805,38941,1
10806,38942,1
10807,38943,1
10808,38944,1
10809,38945,1
10810,38946,1
10811,38947,1
10812,38948,1
10813,38949,1
10814,38950,1
10815,38951,1
10816,38952,1
10817,38953,1
10818,38954,1
10819,38955,1
10820,38956,1
10821,38957,1
10822,38958,1
10823,38959,1
10824,38960,1
10825,38961,1
10826,38962,1
10827,38963,1
10828,38964,1
10829,38965,1
10830,38966,1
10831,38967,1
10832,38968,1
10833,38969,1
10834,38970,1
10835,38971,1
10836,38972,1
10837,38973,1
10838,38974,1
10839,38975,1
10840,38976,1
10841,38977,1
10842,38978,1
10843,38979,1
10844,38980,1
10845,38981,1
10846,38982,1
10847,38983,1
10848,38984,1
10849,38985,1
10850,38986,1
10851,38987,1
10852,38988,1
10853,38989,1
10854,38990,1
10855,38991,1
10856,38992,1
10857,38993,1
10858,38994,1
10859,38995,1
10860,38996,1
10861,38997,1
10862,38998,1
10863,38999,1
10864,39000,1
10865,39001,1
10866,39002,1
10867,39003,1
10868,39004,1
10869,39005,1
10870,39006,1
10871,39007,1
10872,39008,1
10873,39009,1
10874,39010,1
10875,39011,1
10876,39012,1
10877,39013,1
10878,39014,1
10879,39015,1
10880,39016,1
10881,39017,1
10882,39018,1
10883,39019,1
10884,39020,1
10885,39021,1
10886,39022,1
10887,39023,1
10888,39024,1
10889,39025,1
10890,39026,1
10891,39027,1
10892,39028,1
10893,39029,1
10894,39030,1
10895,39031,1
10896,39032,1
10897,39033,1
10898,39034,1
10899,39035,1
10900,39036,1
10901,39037,1
10902,39038,1
10903,39039,1
10904,39040,1
10905,39041,1
10906,39042,1
10907,39043,1
10908,39044,1
10909,39045,1
10910,39046,1
10911,39047,1
10912,39048,1
10913,39049,1
10914,39050,1
10915,39051,1
10916,39052,1
10917,39053,1
10918,39054,1
10919,39055,1
10920,39056,1
10921,39057,1
10922,39058,1
10923,39059,1
10924,39060,1
10925,39061,1
10926,39062,1
10927,39063,1
10928,39064,1
10929,39065,1
10930,39066,1
10931,39067,1
10932,39068,1
10933,39069,1
10934,39070,1
10935,39071,1
10936,39072,1
10937,39073,1
10938,39074,1
10939,39075,1
10940,39076,1
10941,39077,1
10942,39078,1
10943,39079,1
10944,39080,1
10945,39081,1
10946,39082,1
10947,39083,1
10948,39084,1
10949,39085,1
10950,39086,1
10951,39087,1
10952,39088,1
10953,39089,1
10954,39090,1
10955,39091,1
10956,39092,1
10957,39093,1
10958,39094,1
10959,39095,1
10960,39096,1
10961,39097,1
10962,39098,1
10963,39099,1
10964,39100,1
10965,39101,1
10966,39102,1
10967,39103,1
10968,39104,1
10969,39105,1
10970,39106,1
10971,39107,1
10972,39108,1
10973,39109,1
10974,39110,1
10975,39111,1
10976,39112,1
10977,39113,1
10978,39114,1
10979,39115,1
10980,39116,1
10981,39117,1
10982,39118,1
10983,39119,1
10984,39120,1
10985,39121,1
10986,39122,1
10987,39123,1
10988,39124,1
10989,39125,1
10990,39126,1
10991,39127,1
10992,39128,1
10993,39129,1
10994,39130,1
10995,39131,1
10996,39132,1
10997,39133,1
10998,39134,1
10999,39135,1
11000,39136,1
11001,39137,1
11002,39138,1
11003,39139,1
11004,39140,1
11005,39141,1
11006,39142,1
11007,39143,1
11008,39144,1
11009,39145,1
11010,39146,1
11011,39147,1
11012,39148,1
11013,39149,1
11014,39150,1
11015,39151,1
11016,39152,1
11017,39153,1
11018,39154,1
11019,39155,1
11020,39156,1
11021,39157,1
11022,39158,1
11023,39159,1
11024,39160,1
11025,39161,1
11026,39162,1
11027,39163,1
11028,39164,1
11029,39165,1
11030,39166,1
11031,39167,1
11032,39168,1
11033,39169,1
11034,39170,1
11035,39171,1
11036,39172,1
11037,39173,1
11038,39174,1
11039,39175,1
11040,39176,1
11041,39177,1
11042,39178,1
11043,39179,1
11044,39180,1
11045,39181,1
11046,39182,1
11047,39183,1
11048,39184,1
11049,39185,1
11050,39186,1
11051,39187,1
11052,39188,1
11053,39189,1
11054,39190,1
11055,39191,1
11056,39192,1
11057,39193,1
11058,39194,1
11059,39195,1
11060,39196,1
11061,39197,1
11062,39198,1
11063,39199,1
11064,39200,1
11065,39201,1
11066,39202,1
11067,39203,1
11068,39204,1
11069,39205,1
11070,39206,1
11071,39207,1
11072,39208,1
11073,39209,1
11074,39210,1
11075,39211,1
11076,39212,1
11077,39213,1
11078,39214,1
11079,39215,1
11080,39216,1
11081,39217,1
11082,39218,1
11083,39219,1
11084,39220,1
11085,39221,1
11086,39222,1
11087,39223,1
11088,39224,1
11089,39225,1
11090,39226,1
11091,39227,1
11092,39228,1
11093,39229,1
11094,39230,1
11095,39231,1
11096,39232,1
11097,39233,1
11098,39234,1
11099,39235,1
11100,39236,1
11101,39237,1
11102,39238,1
11103,39239,1
11104,39240,1
11105,39241,1
11106,39242,1
11107,39243,1
11108,39244,1
11109,39245,1
11110,39246,1
11111,39247,1
11112,39248,1
11113,39249,1
11114,39250,1
11115,39251,1
11116,39252,1
11117,39253,1
11118,39254,1
11119,39255,1
11120,39256,1
11121,39257,1
11122,39258,1
11123,39259,1
11124,39260,1
11125,39261,1
11126,39262,1
11127,39263,1
11128,39264,1
11129,39265,1
11130,39266,1
11131,39267,1
11132,39268,1
11133,39269,1
11134,39270,1
11135,39271,1
11136,39272,1
11137,39273,1
11138,39274,1
11139,39275,1
11140,39276,1
11141,39277,1
11142,39278,1
11143,39279,1
11144,39280,1
11145,39281,1
11146,39282,1
11147,39283,1
11148,39284,1
11149,39285,1
11150,39286,1
11151,39287,1
11152,39288,1
11153,39289,1
11154,39290,1
11155,39291,1
11156,39292,1
11157,39293,1
11158,39294,1
11159,39295,1
11160,39296,1
11161,39297,1
11162,39298,1
11163,39299,1
11164,39300,1
11165,39301,1
11166,39302,1
11167,39303,1
11168,39304,1
11169,39305,1
11170,39306,1
11171,39307,1
11172,39308,1
11173,39309,1
11174,39310,1
11175,39311,1
11176,39312,1
11177,39313,1
11178,39314,1
11179,39315,1
11180,39316,1
11181,39317,1
11182,39318,1
11183,39319,1
11184,39320,1
11185,39321,1
11186,39322,1
11187,39323,1
11188,39324,1
11189,39325,1
11190,39326,1
11191,39327,1
11192,39328,1
11193,39329,1
11194,39330,1
11195,39331,1
11196,39332,1
11197,39333,1
11198,39334,1
11199,39335,1
11200,39336,1
11201,39337,1
11202,39338,1
11203,39339,1
11204,39340,1
11205,39341,1
11206,39342,1
11207,39343,1
11208,39344,1
11209,39345,1
11210,39346,1
11211,39347,1
11212,39348,1
11213,39349,1
11214,39350,1
11215,39351,1
11216,39352,1
11217,39353,1
11218,39354,1
11219,39355,1
11220,39356,1
11221,39357,1
11222,39358,1
11223,39359,1
11224,39360,1
11225,39361,1
11226,39362,1
11227,39363,1
11228,39364,1
11229,39365,1
11230,39366,1
11231,39367,1
11232,39368,1
11233,39369,1
11234,39370,1
11235,39371,1
11236,39372,1
11237,39373,1
11238,39374,1
11239,39375,1
11240,39376,1
11241,39377,1
11242,39378,1
11243,39379,1
11244,39380,1
11245,39381,1
11246,39382,1
11247,39383,1
11248,39384,1
11249,39385,1
11250,39386,1
11251,39387,1
11252,39388,1
11253,39389,1
11254,39390,1
11255,39391,1
11256,39392,1
11257,39393,1
11258,39394,1
11259,39395,1
11260,39396,1
11261,39397,1
11262,39398,1
11263,39399,1
11264,39400,1
11265,39401,1
11266,39402,1
11267,39403,1
11268,39404,1
11269,39405,1
11270,39406,1
11271,39407,1
11272,39408,1
11273,39409,1
11274,39410,1
11275,39411,1
11276,39412,1
11277,39413,1
11278,39414,1
11279,39415,1
11280,39416,1
11281,39417,1
11282,39418,1
11283,39419,1
11284,39420,1
11285,39421,1
11286,39422,1
11287,39423,1
11288,39424,1
11289,39425,1
11290,39426,1
11291,39427,1
11292,39428,1
11293,39429,1
11294,39430,1
11295,39431,1
11296,39432,1
11297,39433,1
11298,39434,1
11299,39435,1
11300,39436,1
11301,39437,1
11302,39438,1
11303,39439,1
11304,39440,1
11305,39441,1
11306,39442,1
11307,39443,1
11308,39444,1
11309,39445,1
11310,39446,1
11311,39447,1
11312,39448,1
11313,39449,1
11314,39450,1
11315,39451,1
11316,39452,1
11317,39453,1
11318,39454,1
11319,39455,1
11320,39456,1
11321,39457,1
11322,39458,1
11323,39459,1
11324,39460,1
11325,39461,1
11326,39462,1
11327,39463,1
11328,39464,1
11329,39465,1
11330,39466,1
11331,39467,1
11332,39468,1
11333,39469,1
11334,39470,1
11335,39471,1
11336,39472,1
11337,39473,1
11338,39474,1
11339,39475,1
11340,39476,1
11341,39477,1
11342,39478,1
11343,39479,1
11344,39480,1
11345,39481,1
11346,39482,1
11347,39483,1
11348,39484,1
11349,39485,1
11350,39486,1
11351,39487,1
11352,39488,1
11353,39489,1
11354,39490,1
11355,39491,1
11356,39492,1
11357,39493,1
11358,39494,1
11359,39495,1
11360,39496,1
11361,39497,1
11362,39498,1
11363,39499,1
11364,39500,1
11365,39501,1
11366,39502,1
11367,39503,1
11368,39504,1
11369,39505,1
11370,39506,1
11371,39507,1
11372,39508,1
11373,39509,1
11374,39510,1
11375,39511,1
11376,39512,1
11377,39513,1
11378,39514,1
11379,39515,1
11380,39516,1
11381,39517,1
11382,39518,1
11383,39519,1
11384,39520,1
11385,39521,1
11386,39522,1
11387,39523,1
11388,39524,1
11389,39525,1
11390,39526,1
11391,39527,1
11392,39528,1
11393,39529,1
11394,39530,1
11395,39531,1
11396,39532,1
11397,39533,1
11398,39534,1
11399,39535,1
11400,39536,1
11401,39537,1
11402,39538,1
11403,39539,1
11404,39540,1
11405,39541,1
11406,39542,1
11407,39543,1
11408,39544,1
11409,39545,1
11410,39546,1
11411,39547,1
11412,39548,1
11413,39549,1
11414,39550,1
11415,39551,1
11416,39552,1
11417,39553,1
11418,39554,1
11419,39555,1
11420,39556,1
11421,39557,1
11422,39558,1
11423,39559,1
11424,39560,1
11425,39561,1
11426,39562,1
11427,39563,1
11428,39564,1
11429,39565,1
11430,39566,1
11431,39567,1
11432,39568,1
11433,39569,1
11434,39570,1
11435,39571,1
11436,39572,1
11437,39573,1
11438,39574,1
11439,39575,1
11440,39576,1
11441,39577,1
11442,39578,1
11443,39579,1
11444,39580,1
11445,39581,1
11446,39582,1
11447,39583,1
11448,39584,1
11449,39585,1
11450,39586,1
11451,39587,1
11452,39588,1
11453,39589,1
11454,39590,1
11455,39591,1
11456,39592,1
11457,39593,1
11458,39594,1
11459,39595,1
11460,39596,1
11461,39597,1
11462,39598,1
11463,39599,1
11464,39600,1
11465,39601,1
11466,39602,1
11467,39603,1
11468,39604,1
11469,39605,1
11470,39606,1
11471,39607,1
11472,39608,1
11473,39609,1
11474,39610,1
11475,39611,1
11476,39612,1
11477,39613,1
11478,39614,1
11479,39615,1
11480,39616,1
11481,39617,1
11482,39618,1
11483,39619,1
11484,39620,1
11485,39621,1
11486,39622,1
11487,39623,1
11488,39624,1
11489,39625,1
11490,39626,1
11491,39627,1
11492,39628,1
11493,39629,1
11494,39630,1
11495,39631,1
11496,39632,1
11497,39633,1
11498,39634,1
11499,39635,1
11500,39636,1
11501,39637,1
11502,39638,1
11503,39639,1
11504,39640,1
11505,39641,1
11506,39642,1
11507,39643,1
11508,39644,1
11509,39645,1
11510,39646,1
11511,39647,1
11512,39648,1
11513,39649,1
11514,39650,1
11515,39651,1
11516,39652,1
11517,39653,1
11518,39654,1
11519,39655,1
11520,39656,1
11521,39657,1
11522,39658,1
11523,39659,1
11524,39660,1
11525,39661,1
11526,39662,1
11527,39663,1
11528,39664,1
11529,39665,1
11530,39666,1
11531,39667,1
11532,39668,1
11533,39669,1
11534,39670,1
11535,39671,1
11536,39672,1
11537,39673,1
11538,39674,1
11539,39675,1
11540,39676,1
11541,39677,1
11542,39678,1
11543,39679,1
11544,39680,1
11545,39681,1
11546,39682,1
11547,39683,1
11548,39684,1
11549,39685,1
11550,39686,1
11551,39687,1
11552,39688,1
11553,39689,1
11554,39690,1
11555,39691,1
11556,39692,1
11557,39693,1
11558,39694,1
11559,39695,1
11560,39696,1
11561,39697,1
11562,39698,1
11563,39699,1
11564,39700,1
11565,39701,1
11566,39702,1
11567,39703,1
11568,39704,1
11569,39705,1
11570,39706,1
11571,39707,1
11572,39708,1
11573,39709,1
11574,39710,1
11575,39711,1
11576,39712,1
11577,39713,1
11578,39714,1
11579,39715,1
11580,39716,1
11581,39717,1
11582,39718,1
11583,39719,1
11584,39720,1
11585,39721,1
11586,39722,1
11587,39723,1
11588,39724,1
11589,39725,1
11590,39726,1
11591,39727,1
11592,39728,1
11593,39729,1
11594,39730,1
11595,39731,1
11596,39732,1
11597,39733,1
11598,39734,1
11599,39735,1
11600,39736,1
11601,39737,1
11602,39738,1
11603,39739,1
11604,39740,1
11605,39741,1
11606,39742,1
11607,39743,1
11608,39744,1
11609,39745,1
11610,39746,1
11611,39747,1
11612,39748,1
11613,39749,1
11614,39750,1
11615,39751,1
11616,39752,1
11617,39753,1
11618,39754,1
11619,39755,1
11620,39756,1
11621,39757,1
11622,39758,1
11623,39759,1
11624,39760,1
11625,39761,1
11626,39762,1
11627,39763,1
11628,39764,1
11629,39765,1
11630,39766,1
11631,39767,1
11632,39768,1
11633,39769,1
11634,39770,1
11635,39771,1
11636,39772,1
11637,39773,1
11638,39774,1
11639,39775,1
11640,39776,1
11641,39777,1
11642,39778,1
11643,39779,1
11644,39780,1
11645,39781,1
11646,39782,1
11647,39783,1
11648,39784,1
11649,39785,1
11650,39786,1
11651,39787,1
11652,39788,1
11653,39789,1
11654,39790,1
11655,39791,1
11656,39792,1
11657,39793,1
11658,39794,1
11659,39795,1
11660,39796,1
11661,39797,1
11662,39798,1
11663,39799,1
11664,39800,1
11665,39801,1
11666,39802,1
11667,39803,1
11668,39804,1
11669,39805,1
11670,39806,1
11671,39807,1
11672,39808,1
11673,39809,1
11674,39810,1
11675,39811,1
11676,39812,1
11677,39813,1
11678,39814,1
11679,39815,1
11680,39816,1
11681,39817,1
11682,39818,1
11683,39819,1
11684,39820,1
11685,39821,1
11686,39822,1
11687,39823,1
11688,39824,1
11689,39825,1
11690,39826,1
11691,39827,1
11692,39828,1
11693,39829,1
11694,39830,1
11695,39831,1
11696,39832,1
11697,39833,1
11698,39834,1
11699,39835,1
11700,39836,1
11701,39837,1
11702,39838,1
11703,39839,1
11704,39840,1
11705,39841,1
11706,39842,1
11707,39843,1
11708,39844,1
11709,39845,1
11710,39846,1
11711,39847,1
11712,39848,1
11713,39849,1
11714,39850,1
11715,39851,1
11716,39852,1
11717,39853,1
11718,39854,1
11719,39855,1
11720,39856,1
11721,39857,1
11722,39858,1
11723,39859,1
11724,39860,1
11725,39861,1
11726,39862,1
11727,39863,1
11728,39864,1
11729,39865,1
11730,39866,1
11731,39867,1
11732,39868,1
11733,39869,1
11734,39870,1
11735,39871,1
11736,39872,1
11737,39873,1
11738,39874,1
11739,39875,1
11740,39876,1
11741,39877,1
11742,39878,1
11743,39879,1
11744,39880,1
11745,39881,1
11746,39882,1
11747,39883,1
11748,39884,1
11749,39885,1
11750,39886,1
11751,39887,1
11752,39888,1
11753,39889,1
11754,39890,1
11755,39891,1
11756,39892,1
11757,39893,1
11758,39894,1
11759,39895,1
11760,39896,1
11761,39897,1
11762,39898,1
11763,39899,1
11764,39900,1
11765,39901,1
11766,39902,1
11767,39903,1
11768,39904,1
11769,39905,1
11770,39906,1
11771,39907,1
11772,39908,1
11773,39909,1
11774,39910,1
11775,39911,1
11776,39912,1
11777,39913,1
11778,39914,1
11779,39915,1
11780,39916,1
11781,39917,1
11782,39918,1
11783,39919,1
11784,39920,1
11785,39921,1
11786,39922,1
11787,39923,1
11788,39924,1
11789,39925,1
11790,39926,1
11791,39927,1
11792,39928,1
11793,39929,1
11794,39930,1
11795,39931,1
11796,39932,1
11797,39933,1
11798,39934,1
11799,39935,1
11800,39936,1
11801,39937,1
11802,39938,1
11803,39939,1
11804,39940,1
11805,39941,1
11806,39942,1
11807,39943,1
11808,39944,1
11809,39945,1
11810,39946,1
11811,39947,1
11812,39948,1
11813,39949,1
11814,39950,1
11815,39951,1
11816,39952,1
11817,39953,1
11818,39954,1
11819,39955,1
11820,39956,1
11821,39957,1
11822,39958,1
11823,39959,1
11824,39960,1
11825,39961,1
11826,39962,1
11827,39963,1
11828,39964,1
11829,39965,1
11830,39966,1
11831,39967,1
11832,39968,1
11833,39969,1
11834,39970,1
11835,39971,1
11836,39972,1
11837,39973,1
11838,39974,1
11839,39975,1
11840,39976,1
11841,39977,1
11842,39978,1
11843,39979,1
11844,39980,1
11845,39981,1
11846,39982,1
11847,39983,1
11848,39984,1
11849,39985,1
11850,39986,1
11851,39987,1
11852,39988,1
11853,39989,1
11854,39990,1
11855,39991,1
11856,39992,1
11857,39993,1
11858,39994,1
11859,39995,1
11860,39996,1
11861,39997,1
11862,39998,1
11863,39999,1
11864,40000,1
11865,40001,1
11866,40002,1
11867,40003,1
11868,40004,1
11869,40005,1
11870,40006,1
11871,40007,1
11872,40008,1
11873,40009,1
11874,40010,1
11875,40011,1
11876,40012,1
11877,40013,1
11878,40014,1
11879,40015,1
11880,40016,1
11881,40017,1
11882,40018,1
11883,40019,1
11884,40020,1
11885,40021,1
11886,40022,1
11887,40023,1
11888,40024,1
11889,40025,1
11890,40026,1
11891,40027,1
11892,40028,1
11893,40029,1
11894,40030,1
11895,40031,1
11896,40032,1
11897,40033,1
11898,40034,1
11899,40035,1
11900,40036,1
11901,40037,1
11902,40038,1
11903,40039,1
11904,40040,1
11905,40041,1
11906,40042,1
11907,40043,1
11908,40044,1
11909,40045,1
11910,40046,1
11911,40047,1
11912,40048,1
11913,40049,1
11914,40050,1
11915,40051,1
11916,40052,1
11917,40053,1
11918,40054,1
11919,40055,1
11920,40056,1
11921,40057,1
11922,40058,1
11923,40059,1
11924,40060,1
11925,40061,1
11926,40062,1
11927,40063,1
11928,40064,1
11929,40065,1
11930,40066,1
11931,40067,1
11932,40068,1
11933,40069,1
11934,40070,1
11935,40071,1
11936,40072,1
11937,40073,1
11938,40074,1
11939,40075,1
11940,40076,1
11941,40077,1
11942,40078,1
11943,40079,1
11944,40080,1
11945,40081,1
11946,40082,1
11947,40083,1
11948,40084,1
11949,40085,1
11950,40086,1
11951,40087,1
11952,40088,1
11953,40089,1
11954,40090,1
11955,40091,1
11956,40092,1
11957,40093,1
11958,40094,1
11959,40095,1
11960,40096,1
11961,40097,1
11962,40098,1
11963,40099,1
11964,40100,1
11965,40101,1
11966,40102,1
11967,40103,1
11968,40104,1
11969,40105,1
11970,40106,1
11971,40107,1
11972,40108,1
11973,40109,1
11974,40110,1
11975,40111,1
11976,40112,1
11977,40113,1
11978,40114,1
11979,40115,1
11980,40116,1
11981,40117,1
11982,40118,1
11983,40119,1
11984,40120,1
11985,40121,1
11986,40122,1
11987,40123,1
11988,40124,1
11989,40125,1
11990,40126,1
11991,40127,1
11992,40128,1
11993,40129,1
11994,40130,1
11995,40131,1
11996,40132,1
11997,40133,1
11998,40134,1
11999,40135,1
12000,40136,1
12001,40137,1
12002,40138,1
12003,40139,1
12004,40140,1
12005,40141,1
12006,40142,1
12007,40143,1
12008,40144,1
12009,40145,1
12010,40146,1
12011,40147,1
12012,40148,1
12013,40149,1
12014,40150,1
12015,40151,1
12016,40152,1
12017,40153,1
12018,40154,1
12019,40155,1
12020,40156,1
12021,40157,1
12022,40158,1
12023,40159,1
12024,40160,1
12025,40161,1
12026,40162,1
12027,40163,1
12028,40164,1
12029,40165,1
12030,40166,1
12031,40167,1
12032,40168,1
12033,40169,1
12034,40170,1
12035,40171,1
12036,40172,1
12037,40173,1
12038,40174,1
12039,40175,1
12040,40176,1
12041,40177,1
12042,40178,1
12043,40179,1
12044,40180,1
12045,40181,1
12046,40182,1
12047,40183,1
12048,40184,1
12049,40185,1
12050,40186,1
12051,40187,1
12052,40188,1
12053,40189,1
12054,40190,1
12055,40191,1
12056,40192,1
12057,40193,1
12058,40194,1
12059,40195,1
12060,40196,1
12061,40197,1
12062,40198,1
12063,40199,1
12064,40200,1
12065,40201,1
12066,40202,1
12067,40203,1
12068,40204,1
12069,40205,1
12070,40206,1
12071,40207,1
12072,40208,1
12073,40209,1
12074,40210,1
12075,40211,1
12076,40212,1
12077,40213,1
12078,40214,1
12079,40215,1
12080,40216,1
12081,40217,1
12082,40218,1
12083,40219,1
12084,40220,1
12085,40221,1
12086,40222,1
12087,40223,1
12088,40224,1
12089,40225,1
12090,40226,1
12091,40227,1
12092,40228,1
12093,40229,1
12094,40230,1
12095,40231,1
12096,40232,1
12097,40233,1
12098,40234,1
12099,40235,1
12100,40236,1
12101,40237,1
12102,40238,1
12103,40239,1
12104,40240,1
12105,40241,1
12106,40242,1
12107,40243,1
12108,40244,1
12109,40245,1
12110,40246,1
12111,40247,1
12112,40248,1
12113,40249,1
12114,40250,1
12115,40251,1
12116,40252,1
12117,40253,1
12118,40254,1
12119,40255,1
12120,40256,1
12121,40257,1
12122,40258,1
12123,40259,1
12124,40260,1
12125,40261,1
12126,40262,1
12127,40263,1
12128,40264,1
12129,40265,1
12130,40266,1
12131,40267,1
12132,40268,1
12133,40269,1
12134,40270,1
12135,40271,1
12136,40272,1
12137,40273,1
12138,40274,1
12139,40275,1
12140,40276,1
12141,40277,1
12142,40278,1
12143,40279,1
12144,40280,1
12145,40281,1
12146,40282,1
12147,40283,1
12148,40284,1
12149,40285,1
12150,40286,1
12151,40287,1
12152,40288,1
12153,40289,1
12154,40290,1
12155,40291,1
12156,40292,1
12157,40293,1
12158,40294,1
12159,40295,1
12160,40296,1
12161,40297,1
12162,40298,1
12163,40299,1
12164,40300,1
12165,40301,1
12166,40302,1
12167,40303,1
12168,40304,1
12169,40305,1
12170,40306,1
12171,40307,1
12172,40308,1
12173,40309,1
12174,40310,1
12175,40311,1
12176,40312,1
12177,40313,1
12178,40314,1
12179,40315,1
12180,40316,1
12181,40317,1
12182,40318,1
12183,40319,1
12184,40320,1
12185,40321,1
12186,40322,1
12187,40323,1
12188,40324,1
12189,40325,1
12190,40326,1
12191,40327,1
12192,40328,1
12193,40329,1
12194,40330,1
12195,40331,1
12196,40332,1
12197,40333,1
12198,40334,1
12199,40335,1
12200,40336,1
12201,40337,1
12202,40338,1
12203,40339,1
12204,40340,1
12205,40341,1
12206,40342,1
12207,40343,1
12208,40344,1
12209,40345,1
12210,40346,1
12211,40347,1
12212,40348,1
12213,40349,1
12214,40350,1
12215,40351,1
12216,40352,1
12217,40353,1
12218,40354,1
12219,40355,1
12220,40356,1
12221,40357,1
12222,40358,1
12223,40359,1
12224,40360,1
12225,40361,1
12226,40362,1
12227,40363,1
12228,40364,1
12229,40365,1
12230,40366,1
12231,40367,1
12232,40368,1
12233,40369,1
12234,40370,1
12235,40371,1
12236,40372,1
12237,40373,1
12238,40374,1
12239,40375,1
12240,40376,1
12241,40377,1
12242,40378,1
12243,40379,1
12244,40380,1
12245,40381,1
12246,40382,1
12247,40383,1
12248,40384,1
12249,40385,1
12250,40386,1
12251,40387,1
12252,40388,1
12253,40389,1
12254,40390,1
12255,40391,1
12256,40392,1
12257,40393,1
12258,40394,1
12259,40395,1
12260,40396,1
12261,40397,1
12262,40398,1
12263,40399,1
12264,40400,1
12265,40401,1
12266,40402,1
12267,40403,1
12268,40404,1
12269,40405,1
12270,40406,1
12271,40407,1
12272,40408,1
12273,40409,1
12274,40410,1
12275,40411,1
12276,40412,1
12277,40413,1
12278,40414,1
12279,40415,1
12280,40416,1
12281,40417,1
12282,40418,1
12283,40419,1
12284,40420,1
12285,40421,1
12286,40422,1
12287,40423,1
12288,40424,1
12289,40425,1
12290,40426,1
12291,40427,1
12292,40428,1
12293,40429,1
12294,40430,1
12295,40431,1
12296,40432,1
12297,40433,1
12298,40434,1
12299,40435,1
12300,40436,1
12301,40437,1
12302,40438,1
12303,40439,1
12304,40440,1
12305,40441,1
12306,40442,1
12307,40443,1
12308,40444,1
12309,40445,1
12310,40446,1
12311,40447,1
12312,40448,1
12313,40449,1
12314,40450,1
12315,40451,1
12316,40452,1
12317,40453,1
12318,40454,1
12319,40455,1
12320,40456,1
12321,40457,1
12322,40458,1
12323,40459,1
12324,40460,1
12325,40461,1
12326,40462,1
12327,40463,1
12328,40464,1
12329,40465,1
12330,40466,1
12331,40467,1
12332,40468,1
12333,40469,1
12334,40470,1
12335,40471,1
12336,40472,1
12337,40473,1
12338,40474,1
12339,40475,1
12340,40476,1
12341,40477,1
12342,40478,1
12343,40479,1
12344,40480,1
12345,40481,1
12346,40482,1
12347,40483,1
12348,40484,1
12349,40485,1
12350,40486,1
12351,40487,1
12352,40488,1
12353,40489,1
12354,40490,1
12355,40491,1
12356,40492,1
12357,40493,1
12358,40494,1
12359,40495,1
12360,40496,1
12361,40497,1
12362,40498,1
12363,40499,1
12364,40500,1
12365,40501,1
12366,40502,1
12367,40503,1
12368,40504,1
12369,40505,1
12370,40506,1
12371,40507,1
12372,40508,1
12373,40509,1
12374,40510,1
12375,40511,1
12376,40512,1
12377,40513,1
12378,40514,1
12379,40515,1
12380,40516,1
12381,40517,1
12382,40518,1
12383,40519,1
12384,40520,1
12385,40521,1
12386,40522,1
12387,40523,1
12388,40524,1
12389,40525,1
12390,40526,1
12391,40527,1
12392,40528,1
12393,40529,1
12394,40530,1
12395,40531,1
12396,40532,1
12397,40533,1
12398,40534,1
12399,40535,1
12400,40536,1
12401,40537,1
12402,40538,1
12403,40539,1
12404,40540,1
12405,40541,1
12406,40542,1
12407,40543,1
12408,40544,1
12409,40545,1
12410,40546,1
12411,40547,1
12412,40548,1
12413,40549,1
12414,40550,1
12415,40551,1
12416,40552,1
12417,40553,1
12418,40554,1
12419,40555,1
12420,40556,1
12421,40557,1
12422,40558,1
12423,40559,1
12424,40560,1
12425,40561,1
12426,40562,1
12427,40563,1
12428,40564,1
12429,40565,1
12430,40566,1
12431,40567,1
12432,40568,1
12433,40569,1
12434,40570,1
12435,40571,1
12436,40572,1
12437,40573,1
12438,40574,1
12439,40575,1
12440,40576,1
12441,40577,1
12442,40578,1
12443,40579,1
12444,40580,1
12445,40581,1
12446,40582,1
12447,40583,1
12448,40584,1
12449,40585,1
12450,40586,1
12451,40587,1
12452,40588,1
12453,40589,1
12454,40590,1
12455,40591,1
12456,40592,1
12457,40593,1
12458,40594,1
12459,40595,1
12460,40596,1
12461,40597,1
12462,40598,1
12463,40599,1
12464,40600,1
12465,40601,1
12466,40602,1
12467,40603,1
12468,40604,1
12469,40605,1
12470,40606,1
12471,40607,1
12472,40608,1
12473,40609,1
12474,40610,1
12475,40611,1
12476,40612,1
12477,40613,1
12478,40614,1
12479,40615,1
12480,40616,1
12481,40617,1
12482,40618,1
12483,40619,1
12484,40620,1
12485,40621,1
12486,40622,1
12487,40623,1
12488,40624,1
12489,40625,1
12490,40626,1
12491,40627,1
12492,40628,1
12493,40629,1
12494,40630,1
12495,40631,1
12496,40632,1
12497,40633,1
12498,40634,1
12499,40635,1
12500,40636,1
12501,40637,1
12502,40638,1
12503,40639,1
12504,40640,1
12505,40641,1
12506,40642,1
12507,40643,1
12508,40644,1
12509,40645,1
12510,40646,1
12511,40647,1
12512,40648,1
12513,40649,1
12514,40650,1
12515,40651,1
12516,40652,1
12517,40653,1
12518,40654,1
12519,40655,1
12520,40656,1
12521,40657,1
12522,40658,1
12523,40659,1
12524,40660,1
12525,40661,1
12526,40662,1
12527,40663,1
12528,40664,1
12529,40665,1
12530,40666,1
12531,40667,1
12532,40668,1
12533,40669,1
12534,40670,1
12535,40671,1
12536,40672,1
12537,40673,1
12538,40674,1
12539,40675,1
12540,40676,1
12541,40677,1
12542,40678,1
12543,40679,1
12544,40680,1
12545,40681,1
12546,40682,1
12547,40683,1
12548,40684,1
12549,40685,1
12550,40686,1
12551,40687,1
12552,40688,1
12553,40689,1
12554,40690,1
12555,40691,1
12556,40692,1
12557,40693,1
12558,40694,1
12559,40695,1
12560,40696,1
12561,40697,1
12562,40698,1
12563,40699,1
12564,40700,1
12565,40701,1
12566,40702,1
12567,40703,1
12568,40704,1
12569,40705,1
12570,40706,1
12571,40707,1
12572,40708,1
12573,40709,1
12574,40710,1
12575,40711,1
12576,40712,1
12577,40713,1
12578,40714,1
12579,40715,1
12580,40716,1
12581,40717,1
12582,40718,1
12583,40719,1
12584,40720,1
12585,40721,1
12586,40722,1
12587,40723,1
12588,40724,1
12589,40725,1
12590,40726,1
12591,40727,1
12592,40728,1
12593,40729,1
12594,40730,1
12595,40731,1
12596,40732,1
12597,40733,1
12598,40734,1
12599,40735,1
12600,40736,1
12601,40737,1
12602,40738,1
12603,40739,1
12604,40740,1
12605,40741,1
12606,40742,1
12607,40743,1
12608,40744,1
12609,40745,1
12610,40746,1
12611,40747,1
12612,40748,1
12613,40749,1
12614,40750,1
12615,40751,1
12616,40752,1
12617,40753,1
12618,40754,1
12619,40755,1
12620,40756,1
12621,40757,1
12622,40758,1
12623,40759,1
12624,40760,1
12625,40761,1
12626,40762,1
12627,40763,1
12628,40764,1
12629,40765,1
12630,40766,1
12631,40767,1
12632,40768,1
12633,40769,1
12634,40770,1
12635,40771,1
12636,40772,1
12637,40773,1
12638,40774,1
12639,40775,1
12640,40776,1
12641,40777,1
12642,40778,1
12643,40779,1
12644,40780,1
12645,40781,1
12646,40782,1
12647,40783,1
12648,40784,1
12649,40785,1
12650,40786,1
12651,40787,1
12652,40788,1
12653,40789,1
12654,40790,1
12655,40791,1
12656,40792,1
12657,40793,1
12658,40794,1
12659,40795,1
12660,40796,1
12661,40797,1
12662,40798,1
12663,40799,1
12664,40800,1
12665,40801,1
12666,40802,1
12667,40803,1
12668,40804,1
12669,40805,1
12670,40806,1
12671,40807,1
12672,40808,1
12673,40809,1
12674,40810,1
12675,40811,1
12676,40812,1
12677,40813,1
12678,40814,1
12679,40815,1
12680,40816,1
12681,40817,1
12682,40818,1
12683,40819,1
12684,40820,1
12685,40821,1
12686,40822,1
12687,40823,1
12688,40824,1
12689,40825,1
12690,40826,1
12691,40827,1
12692,40828,1
12693,40829,1
12694,40830,1
12695,40831,1
12696,40832,1
12697,40833,1
12698,40834,1
12699,40835,1
12700,40836,1
12701,40837,1
12702,40838,1
12703,40839,1
12704,40840,1
12705,40841,1
12706,40842,1
12707,40843,1
12708,40844,1
12709,40845,1
12710,40846,1
12711,40847,1
12712,40848,1
12713,40849,1
12714,40850,1
12715,40851,1
12716,40852,1
12717,40853,1
12718,40854,1
12719,40855,1
12720,40856,1
12721,40857,1
12722,40858,1
12723,40859,1
12724,40860,1
12725,40861,1
12726,40862,1
12727,40863,1
12728,40864,1
12729,40865,1
12730,40866,1
12731,40867,1
12732,40868,1
12733,40869,1
12734,40870,1
12735,40871,1
12736,40872,1
12737,40873,1
12738,40874,1
12739,40875,1
12740,40876,1
12741,40877,1
12742,40878,1
12743,40879,1
12744,40880,1
12745,40881,1
12746,40882,1
12747,40883,1
12748,40884,1
12749,40885,1
12750,40886,1
12751,40887,1
12752,40888,1
12753,40889,1
12754,40890,1
12755,40891,1
12756,40892,1
12757,40893,1
12758,40894,1
12759,40895,1
12760,40896,1
12761,40897,1
12762,40898,1
12763,40899,1
12764,40900,1
12765,40901,1
12766,40902,1
12767,40903,1
12768,40904,1
12769,40905,1
12770,40906,1
12771,40907,1
12772,40908,1
12773,40909,1
12774,40910,1
12775,40911,1
12776,40912,1
12777,40913,1
12778,40914,1
12779,40915,1
12780,40916,1
12781,40917,1
12782,40918,1
12783,40919,1
12784,40920,1
12785,40921,1
12786,40922,1
12787,40923,1
12788,40924,1
12789,40925,1
12790,40926,1
12791,40927,1
12792,40928,1
12793,40929,1
12794,40930,1
12795,40931,1
12796,40932,1
12797,40933,1
12798,40934,1
12799,40935,1
12800,40936,1
12801,40937,1
12802,40938,1
12803,40939,1
12804,40940,1
12805,40941,1
12806,40942,1
12807,40943,1
12808,40944,1
12809,40945,1
12810,40946,1
12811,40947,1
12812,40948,1
12813,40949,1
12814,40950,1
12815,40951,1
12816,40952,1
12817,40953,1
12818,40954,1
12819,40955,1
12820,40956,1
12821,40957,1
12822,40958,1
12823,40959,1
12824,40960,1
12825,40961,1
12826,40962,1
12827,40963,1
12828,40964,1
12829,40965,1
12830,40966,1
12831,40967,1
12832,40968,1
12833,40969,1
12834,40970,1
12835,40971,1
12836,40972,1
12837,40973,1
12838,40974,1
12839,40975,1
12840,40976,1
12841,40977,1
12842,40978,1
12843,40979,1
12844,40980,1
12845,40981,1
12846,40982,1
12847,40983,1
12848,40984,1
12849,40985,1
12850,40986,1
12851,40987,1
12852,40988,1
12853,40989,1
12854,40990,1
12855,40991,1
12856,40992,1
12857,40993,1
12858,40994,1
12859,40995,1
12860,40996,1
12861,40997,1
12862,40998,1
12863,40999,1
12864,41000,1
12865,41001,1
12866,41002,1
12867,41003,1
12868,41004,1
12869,41005,1
12870,41006,1
12871,41007,1
12872,41008,1
12873,41009,1
12874,41010,1
12875,41011,1
12876,41012,1
12877,41013,1
12878,41014,1
12879,41015,1
12880,41016,1
12881,41017,1
12882,41018,1
12883,41019,1
12884,41020,1
12885,41021,1
12886,41022,1
12887,41023,1
12888,41024,1
12889,41025,1
12890,41026,1
12891,41027,1
12892,41028,1
12893,41029,1
12894,41030,1
12895,41031,1
12896,41032,1
12897,41033,1
12898,41034,1
12899,41035,1
12900,41036,1
12901,41037,1
12902,41038,1
12903,41039,1
12904,41040,1
12905,41041,1
12906,41042,1
12907,41043,1
12908,41044,1
12909,41045,1
12910,41046,1
12911,41047,1
12912,41048,1
12913,41049,1
12914,41050,1
12915,41051,1
12916,41052,1
12917,41053,1
12918,41054,1
12919,41055,1
12920,41056,1
12921,41057,1
12922,41058,1
12923,41059,1
12924,41060,1
12925,41061,1
12926,41062,1
12927,41063,1
12928,41064,1
12929,41065,1
12930,41066,1
12931,41067,1
12932,41068,1
12933,41069,1
12934,41070,1
12935,41071,1
12936,41072,1
12937,41073,1
12938,41074,1
12939,41075,1
12940,41076,1
12941,41077,1
12942,41078,1
12943,41079,1
12944,41080,1
12945,41081,1
12946,41082,1
12947,41083,1
12948,41084,1
12949,41085,1
12950,41086,1
12951,41087,1
12952,41088,1
12953,41089,1
12954,41090,1
12955,41091,1
12956,41092,1
12957,41093,1
12958,41094,1
12959,41095,1
12960,41096,1
12961,41097,1
12962,41098,1
12963,41099,1
12964,41100,1
12965,41101,1
12966,41102,1
12967,41103,1
12968,41104,1
12969,41105,1
12970,41106,1
12971,41107,1
12972,41108,1
12973,41109,1
12974,41110,1
12975,41111,1
12976,41112,1
12977,41113,1
12978,41114,1
12979,41115,1
12980,41116,1
12981,41117,1
12982,41118,1
12983,41119,1
12984,41120,1
12985,41121,1
12986,41122,1
12987,41123,1
12988,41124,1
12989,41125,1
12990,41126,1
12991,41127,1
12992,41128,1
12993,41129,1
12994,41130,1
12995,41131,1
12996,41132,1
12997,41133,1
12998,41134,1
12999,41135,1
13000,41136,1
13001,41137,1
13002,41138,1
13003,41139,1
13004,41140,1
13005,41141,1
13006,41142,1
13007,41143,1
13008,41144,1
13009,41145,1
13010,41146,1
13011,41147,1
13012,41148,1
13013,41149,1
13014,41150,1
13015,41151,1
13016,41152,1
13017,41153,1
13018,41154,1
13019,41155,1
13020,41156,1
13021,41157,1
13022,41158,1
13023,41159,1
13024,41160,1
13025,41161,1
13026,41162,1
13027,41163,1
13028,41164,1
13029,41165,1
13030,41166,1
13031,41167,1
13032,41168,1
13033,41169,1
13034,41170,1
13035,41171,1
13036,41172,1
13037,41173,1
13038,41174,1
13039,41175,1
13040,41176,1
13041,41177,1
13042,41178,1
13043,41179,1
13044,41180,1
13045,41181,1
13046,41182,1
13047,41183,1
13048,41184,1
13049,41185,1
13050,41186,1
13051,41187,1
13052,41188,1
13053,41189,1
13054,41190,1
13055,41191,1
13056,41192,1
13057,41193,1
13058,41194,1
13059,41195,1
13060,41196,1
13061,41197,1
13062,41198,1
13063,41199,1
13064,41200,1
13065,41201,1
13066,41202,1
13067,41203,1
13068,41204,1
13069,41205,1
13070,41206,1
13071,41207,1
13072,41208,1
13073,41209,1
13074,41210,1
13075,41211,1
13076,41212,1
13077,41213,1
13078,41214,1
13079,41215,1
13080,41216,1
13081,41217,1
13082,41218,1
13083,41219,1
13084,41220,1
13085,41221,1
13086,41222,1
13087,41223,1
13088,41224,1
13089,41225,1
13090,41226,1
13091,41227,1
13092,41228,1
13093,41229,1
13094,41230,1
