2500,20129,1
2501,20130,1
2502,20131,1
2503,20132,1
2504,20133,1
2505,20134,1
2506,20135,1
2507,20136,1
2508,20137,1
2509,20138,1
2510,20139,1
2511,20140,1
2512,20141,1
2513,20142,1
2514,20143,1
2515,20144,1
2516,20145,1
2517,20146,1
2518,20147,1
2519,20148,1
2520,20149,1
2521,20150,1
2522,20151,1
2523,20152,1
2524,20153,1
2525,20154,1
2526,20155,1
2527,20156,1
2528,20157,1
2529,20158,1
2530,20159,1
2531,20160,1
2532,20161,1
2533,20162,1
2534,20163,1
2535,20164,1
2554,20165,1
2555,20166,1
2556,20167,1
2557,20168,1
2558,20169,1
2559,20170,1
2560,20171,1
2561,20172,1
2562,20173,1
2563,20174,1
2564,20175,1
2565,20176,1
2566,20177,1
2567,20178,1
2568,20179,1
2569,20180,1
2570,20181,1
2571,20182,1
2572,20183,1
2573,20184,1
2574,20185,1
2575,20186,1
2576,20187,1
2577,20188,1
2578,20189,1
2579,20190,1
2580,20191,1
2581,20192,1
2582,20193,1
2583,20194,1
2584,20195,1
2585,20196,1
2586,20197,1
2587,20198,1
2588,20199,1
2589,20200,1
2590,20201,1
2591,20202,1
2592,20203,1
2593,20204,1
2594,20205,1
2595,20206,1
2596,20207,1
2597,20208,1
2598,20209,1
2599,20210,1
2600,20211,1
2601,20212,1
2602,20213,1
2603,20214,1
2604,20215,1
2605,20216,1
2606,20217,1
2607,20218,1
2608,20219,1
2609,20220,1
2610,20221,1
2611,20222,1
2612,20223,1
2613,20224,1
2614,20225,1
2615,20226,1
2616,20227,1
2617,20228,1
2618,20229,1
2619,20230,1
2620,20231,1
2621,20232,1
2622,20233,1
2623,20234,1
2624,20235,1
2625,20236,1
2688,20237,1
2689,20238,1
2690,20239,1
2691,20240,1
2692,20241,1
2693,20242,1
2694,20243,1
2695,20244,1
2696,20245,1
2697,20246,1
2698,20247,1
2699,20248,1
2700,20249,1
2701,20250,1
2702,20251,1
2703,20252,1
2704,20253,1
2705,20254,1
2706,20255,1
2707,20256,1
2708,20257,1
2709,20258,1
2710,20259,1
2711,20260,1
2712,20261,1
2713,20262,1
2714,20263,1
2715,20264,1
2716,20265,1
2717,20266,1
2718,20267,1
2719,20268,1
2720,20269,1
2721,20270,1
2722,20271,1
2723,20272,1
2724,20273,1
2725,20274,1
2726,20275,1
2727,20276,1
2728,20277,1
2729,20278,1
2730,20279,1
2731,20280,1
2732,20281,1
2733,20282,1
2734,20283,1
2735,20284,1
2736,20285,1
2737,20286,1
2738,20287,1
2739,20288,1
2740,20289,1
2741,20290,1
2742,20291,1
2743,20292,1
2744,20293,1
2745,20294,1
2746,20295,1
2747,20296,1
2748,20297,1
2749,20298,1
2750,20299,1
2751,20300,1
2752,20301,1
2753,20302,1
2754,20303,1
2755,20304,1
2756,20305,1
2757,20306,1
2758,20307,1
2759,20308,1
2760,20309,1
2761,20310,1
2762,20311,1
2763,20312,1
2764,20313,1
2765,20314,1
2766,20315,1
2767,20316,1
2768,20317,1
2769,20318,1
2770,20319,1
2771,20320,1
2772,20321,1
2773,20322,1
2774,20323,1
2775,20324,1
2776,20325,1
2777,20326,1
2778,20327,1
2779,20328,1
2780,20329,1
2781,20330,1
2782,20331,1
2783,20332,1
2784,20333,1
2785,20334,1
2786,20335,1
2787,20336,1
2788,20337,1
2789,20338,1
2790,20339,1
2791,20340,1
2792,20341,1
2793,20342,1
2794,20343,1
2795,20344,1
2796,20345,1
2797,20346,1
2798,20347,1
2799,20348,1
2800,20349,1
2801,20350,1
2802,20351,1
2803,20352,1
2804,20353,1
2805,20354,1
2806,20355,1
2807,20356,1
2808,20357,1
2809,20358,1
2810,20359,1
2811,20360,1
2812,20361,1
2813,20362,1
2814,20363,1
2815,20364,1
2816,20365,1
2817,20366,1
2818,20367,1
2819,20368,1
2820,20369,1
2821,20370,1
2822,20371,1
2823,20372,1
2824,20373,1
2825,20374,1
2826,20375,1
2827,20376,1
2828,20377,1
2829,20378,1
2830,20379,1
2831,20380,1
2832,20381,1
2833,20382,1
2834,20383,1
2835,20384,1
2836,20385,1
2837,20386,1
2838,20387,1
2839,20388,1
2840,20389,1
2841,20390,1
2842,20391,1
2843,20392,1
2844,20393,1
2845,20394,1
2846,20395,1
2847,20396,1
2848,20397,1
2849,20398,1
2850,20399,1
2851,20400,1
2852,20401,1
2853,20402,1
2854,20403,1
2855,20404,1
2856,20405,1
2857,20406,1
2858,20407,1
2859,20408,1
2860,20409,1
2861,20410,1
2862,20411,1
2863,20412,1
2864,20413,1
2865,20414,1
2866,20415,1
2867,20416,1
2868,20417,1
2869,20418,1
2870,20419,1
2871,20420,1
2872,20421,1
2873,20422,1
2874,20423,1
2875,20424,1
2876,20425,1
2877,20426,1
2878,20427,1
2879,20428,1
2880,20429,1
2881,20430,1
2882,20431,1
2883,20432,1
2884,20433,1
2885,20434,1
2886,20435,1
2887,20436,1
2888,20437,1
2889,20438,1
2890,20439,1
2891,20440,1
2892,20441,1
2893,20442,1
2894,20443,1
2895,20444,1
2896,20445,1
2897,20446,1
2898,20447,1
2899,20448,1
2900,20449,1
2901,20450,1
2902,20451,1
2903,20452,1
2904,20453,1
2905,20454,1
2906,20455,1
2907,20456,1
2908,20457,1
2909,20458,1
2910,20459,1
2911,20460,1
2912,20461,1
2913,20462,1
2914,20463,1
2915,20464,1
2916,20465,1
2917,20466,1
2918,20467,1
2919,20468,1
2920,20469,1
2921,20470,1
2922,20471,1
2923,20472,1
2924,20473,1
2925,20474,1
2926,20475,1
2927,20476,1
2928,20477,1
2929,20478,1
2930,20479,1
2931,20480,1
2932,20481,1
2933,20482,1
2934,20483,1
2935,20484,1
2936,20485,1
2937,20486,1
2938,20487,1
2939,20488,1
2940,20489,1
2941,20490,1
2942,20491,1
2943,20492,1
2944,20493,1
2945,20494,1
2946,20495,1
2947,20496,1
2948,20497,1
2949,20498,1
2950,20499,1
2951,20500,1
2952,20501,1
2953,20502,1
2954,20503,1
2955,20504,1
2956,20505,1
2957,20506,1
2958,20507,1
2959,20508,1
2960,20509,1
2961,20510,1
2962,20511,1
2963,20512,1
2964,20513,1
2965,20514,1
2966,20515,1
2967,20516,1
2968,20517,1
2969,20518,1
2970,20519,1
2971,20520,1
2972,20521,1
2973,20522,1
2974,20523,1
2975,20524,1
2976,20525,1
2977,20526,1
2978,20527,1
2979,20528,1
2980,20529,1
2981,20530,1
2982,20531,1
2983,20532,1
2984,20533,1
2985,20534,1
2986,20535,1
2987,20536,1
2988,20537,1
2989,20538,1
2990,20539,1
2991,20540,1
2992,20541,1
2993,20542,1
2994,20543,1
2995,20544,1
2996,20545,1
2997,20546,1
2998,20547,1
2999,20548,1
3000,20549,1
3001,20550,1
3002,20551,1
3003,20552,1
3004,20553,1
3005,20554,1
3006,20555,1
3007,20556,1
3008,20557,1
3009,20558,1
3010,20559,1
3011,20560,1
3012,20561,1
3013,20562,1
3014,20563,1
3015,20564,1
3016,20565,1
3017,20566,1
3018,20567,1
3019,20568,1
3020,20569,1
3021,20570,1
3022,20571,1
3023,20572,1
3024,20573,1
3025,20574,1
3026,20575,1
3027,20576,1
3028,20577,1
3029,20578,1
3030,20579,1
3031,20580,1
3032,20581,1
3033,20582,1
3034,20583,1
3035,20584,1
3036,20585,1
3037,20586,1
3038,20587,1
3039,20588,1
3040,20589,1
3041,20590,1
3042,20591,1
3043,20592,1
3044,20593,1
3045,20594,1
3046,20595,1
3047,20596,1
3048,20597,1
3049,20598,1
3050,20599,1
3051,20600,1
3052,20601,1
3053,20602,1
3054,20603,1
3055,20604,1
3056,20605,1
3057,20606,1
3058,20607,1
3059,20608,1
3060,20609,1
3061,20610,1
3062,20611,1
3063,20612,1
3064,20613,1
3065,20614,1
3066,20615,1
3067,20616,1
3068,20617,1
3069,20618,1
3070,20619,1
3071,20620,1
3072,20621,1
3073,20622,1
3074,20623,1
3075,20624,1
3076,20625,1
3077,20626,1
3078,20627,1
3079,20628,1
3080,20629,1
3081,20630,1
3082,20631,1
3083,20632,1
3084,20633,1
3085,20634,1
3086,20635,1
3087,20636,1
3088,20637,1
3089,20638,1
3090,20639,1
3091,20640,1
3092,20641,1
3093,20642,1
3094,20643,1
3095,20644,1
3096,20645,1
3097,20646,1
3098,20647,1
3099,20648,1
3100,20649,1
3101,20650,1
3102,20651,1
3103,20652,1
3104,20653,1
3105,20654,1
3106,20655,1
3107,20656,1
3108,20657,1
3109,20658,1
3110,20659,1
3111,20660,1
3112,20661,1
3113,20662,1
3114,20663,1
3115,20664,1
3116,20665,1
3117,20666,1
3118,20667,1
3119,20668,1
3120,20669,1
3121,20670,1
3122,20671,1
3123,20672,1
3124,20673,1
3125,20674,1
3126,20675,1
3127,20676,1
3128,20677,1
3129,20678,1
3130,20679,1
3131,20680,1
3132,20681,1
3133,20682,1
3134,20683,1
3135,20684,1
3136,20685,1
3137,20686,1
3138,20687,1
3139,20688,1
3140,20689,1
3141,20690,1
3142,20691,1
3143,20692,1
3144,20693,1
3145,20694,1
3146,20695,1
3147,20696,1
3148,20697,1
3149,20698,1
3150,20699,1
3151,20700,1
3152,20701,1
3153,20702,1
3154,20703,1
3155,20704,1
3156,20705,1
3157,20706,1
3158,20707,1
3159,20708,1
3160,20709,1
3161,20710,1
3162,20711,1
3163,20712,1
3164,20713,1
3165,20714,1
3166,20715,1
3167,20716,1
3168,20717,1
3169,20718,1
3170,20719,1
3171,20720,1
3172,20721,1
3173,20722,1
3174,20723,1
3175,20724,1
3176,20725,1
3177,20726,1
3178,20727,1
3179,20728,1
3180,20729,1
3181,20730,1
3182,20731,1
3183,20732,1
3184,20733,1
3185,20734,1
3186,20735,1
3187,20736,1
3188,20737,1
3189,20738,1
3190,20739,1
3191,20740,1
3192,20741,1
3193,20742,1
3194,20743,1
3195,20744,1
3196,20745,1
3197,20746,1
3198,20747,1
3199,20748,1
3200,20749,1
3201,20750,1
3202,20751,1
3203,20752,1
3204,20753,1
3205,20754,1
3206,20755,1
3207,20756,1
3208,20757,1
3209,20758,1
3210,20759,1
3211,20760,1
3212,20761,1
3213,20762,1
3214,20763,1
3215,20764,1
3216,20765,1
3217,20766,1
3218,20767,1
3219,20768,1
3220,20769,1
3221,20770,1
3222,20771,1
3223,20772,1
3224,20773,1
3225,20774,1
3226,20775,1
3227,20776,1
3228,20777,1
3229,20778,1
3230,20779,1
3231,20780,1
3232,20781,1
3233,20782,1
3234,20783,1
3235,20784,1
3236,20785,1
3237,20786,1
3238,20787,1
3239,20788,1
3240,20789,1
3241,20790,1
3242,20791,1
3243,20792,1
3244,20793,1
3245,20794,1
3246,20795,1
3247,20796,1
3248,20797,1
3249,20798,1
3250,20799,1
3251,20800,1
3252,20801,1
3253,20802,1
3254,20803,1
3255,20804,1
3256,20805,1
3257,20806,1
3258,20807,1
3259,20808,1
3260,20809,1
3261,20810,1
3262,20811,1
3263,20812,1
3264,20813,1
3265,20814,1
3266,20815,1
3267,20816,1
3268,20817,1
3269,20818,1
3270,20819,1
3271,20820,1
3272,20821,1
3273,20822,1
3274,20823,1
3275,20824,1
3276,20825,1
3703,20826,1
3704,20827,1
3705,20828,1
3706,20829,1
3707,20830,1
3708,20831,1
3709,20832,1
3710,20833,1
3711,20834,1
3712,20835,1
3713,20836,1
3714,20837,1
3715,20838,1
3716,20839,1
3717,20840,1
3718,20841,1
3719,20842,1
3720,20843,1
3721,20844,1
3722,20845,1
3723,20846,1
3724,20847,1
3725,20848,1
3726,20849,1
3727,20850,1
3728,20851,1
3729,20852,1
3730,20853,1
3731,20854,1
3732,20855,1
3733,20856,1
3734,20857,1
3735,20858,1
3736,20859,1
3737,20860,1
3738,20861,1
3739,20862,1
3740,20863,1
3741,20864,1
3742,20865,1
3743,20866,1
3744,20867,1
3745,20868,1
3746,20869,1
3747,20870,1
3748,20871,1
3749,20872,1
3750,20873,1
3751,20874,1
3752,20875,1
3753,20876,1
3754,20877,1
3755,20878,1
3756,20879,1
3757,20880,1
3758,20881,1
3759,20882,1
3760,20883,1
3761,20884,1
3762,20885,1
3763,20886,1
3764,20887,1
3765,20888,1
3766,20889,1
3767,20890,1
3768,20891,1
3769,20892,1
3770,20893,1
3771,20894,1
3772,20895,1
3773,20896,1
3774,20897,1
3775,20898,1
3776,20899,1
3777,20900,1
3778,20901,1
3779,20902,1
3780,20903,1
3781,20904,1
3782,20905,1
3783,20906,1
3784,20907,1
3785,20908,1
3786,20909,1
3787,20910,1
3788,20911,1
3789,20912,1
3790,20913,1
3791,20914,1
3792,20915,1
3793,20916,1
3794,20917,1
3795,20918,1
3796,20919,1
3797,20920,1
3798,20921,1
3799,20922,1
3800,20923,1
3801,20924,1
3802,20925,1
3803,20926,1
3804,20927,1
3805,20928,1
3806,20929,1
3807,20930,1
3808,20931,1
3809,20932,1
3810,20933,1
3811,20934,1
3812,20935,1
3813,20936,1
3814,20937,1
3815,20938,1
3816,20939,1
3817,20940,1
3818,20941,1
3819,20942,1
3820,20943,1
3821,20944,1
3822,20945,1
3823,20946,1
3824,20947,1
3825,20948,1
3826,20949,1
3827,20950,1
3828,20951,1
3829,20952,1
3830,20953,1
3831,20954,1
3832,20955,1
3833,20956,1
3834,20957,1
3835,20958,1
3836,20959,1
3837,20960,1
3838,20961,1
3839,20962,1
3840,20963,1
3841,20964,1
3842,20965,1
3843,20966,1
3844,20967,1
3845,20968,1
3846,20969,1
3847,20970,1
3848,20971,1
3849,20972,1
3850,20973,1
3851,20974,1
3852,20975,1
3853,20976,1
3854,20977,1
3855,20978,1
3856,20979,1
3857,20980,1
3858,20981,1
3859,20982,1
3860,20983,1
3861,20984,1
3862,20985,1
3863,20986,1
3864,20987,1
3865,20988,1
3866,20989,1
3867,20990,1
3868,20991,1
3869,20992,1
3870,20993,1
3871,20994,1
3872,20995,1
3873,20996,1
3874,20997,1
3875,20998,1
3876,20999,1
3877,21000,1
3878,21001,1
3879,21002,1
3880,21003,1
3881,21004,1
3882,21005,1
3883,21006,1
3884,21007,1
3885,21008,1
3886,21009,1
3887,21010,1
3888,21011,1
3889,21012,1
3890,21013,1
3891,21014,1
3892,21015,1
3893,21016,1
3894,21017,1
3895,21018,1
3896,21019,1
3897,21020,1
3898,21021,1
3899,21022,1
3900,21023,1
3901,21024,1
3902,21025,1
3903,21026,1
3904,21027,1
3905,21028,1
3906,21029,1
3907,21030,1
3908,21031,1
3909,21032,1
3910,21033,1
3911,21034,1
3912,21035,1
3913,21036,1
3914,21037,1
3915,21038,1
3916,21039,1
3917,21040,1
3918,21041,1
3919,21042,1
3920,21043,1
3921,21044,1
3922,21045,1
3923,21046,1
3924,21047,1
3925,21048,1
3926,21049,1
3927,21050,1
3928,21051,1
3929,21052,1
3930,21053,1
3931,21054,1
3932,21055,1
3933,21056,1
3934,21057,1
3935,21058,1
3936,21059,1
3937,21060,1
3938,21061,1
3939,21062,1
3940,21063,1
3941,21064,1
3942,21065,1
3943,21066,1
3944,21067,1
3945,21068,1
3946,21069,1
3947,21070,1
3948,21071,1
3949,21072,1
3950,21073,1
3951,21074,1
3952,21075,1
3953,21076,1
3954,21077,1
3955,21078,1
3956,21079,1
3957,21080,1
3958,21081,1
3959,21082,1
3960,21083,1
3961,21084,1
3962,21085,1
3963,21086,1
3964,21087,1
3965,21088,1
3966,21089,1
3967,21090,1
3968,21091,1
3969,21092,1
3970,21093,1
3971,21094,1
3972,21095,1
3973,21096,1
3974,21097,1
3975,21098,1
3976,21099,1
3977,21100,1
3978,21101,1
3979,21102,1
3980,21103,1
3981,21104,1
3982,21105,1
3983,21106,1
3984,21107,1
3985,21108,1
3986,21109,1
3987,21110,1
3988,21111,1
3989,21112,1
3990,21113,1
3991,21114,1
3992,21115,1
3993,21116,1
3994,21117,1
3995,21118,1
3996,21119,1
3997,21120,1
3998,21121,1
3999,21122,1
4000,21123,1
4001,21124,1
4002,21125,1
4003,21126,1
4004,21127,1
4005,21128,1
4006,21129,1
4007,21130,1
4008,21131,1
4009,21132,1
4010,21133,1
4011,21134,1
4012,21135,1
4013,21136,1
4014,21137,1
4015,21138,1
4016,21139,1
4017,21140,1
4018,21141,1
4019,21142,1
4020,21143,1
4021,21144,1
4022,21145,1
4023,21146,1
4024,21147,1
4025,21148,1
4026,21149,1
4027,21150,1
4028,21151,1
4029,21152,1
4030,21153,1
4031,21154,1
4032,21155,1
4033,21156,1
4034,21157,1
4035,21158,1
4036,21159,1
4037,21160,1
4038,21161,1
4039,21162,1
4040,21163,1
4041,21164,1
4042,21165,1
4043,21166,1
4044,21167,1
4045,21168,1
4046,21169,1
4047,21170,1
4048,21171,1
4049,21172,1
4050,21173,1
4051,21174,1
4052,21175,1
4053,21176,1
4054,21177,1
4055,21178,1
4056,21179,1
4057,21180,1
4058,21181,1
4059,21182,1
4060,21183,1
4061,21184,1
4062,21185,1
4063,21186,1
4064,21187,1
4065,21188,1
4066,21189,1
4067,21190,1
4068,21191,1
4069,21192,1
4070,21193,1
4071,21194,1
4072,21195,1
4073,21196,1
4074,21197,1
4075,21198,1
4076,21199,1
4077,21200,1
4078,21201,1
4079,21202,1
4080,21203,1
4081,21204,1
4082,21205,1
4083,21206,1
4084,21207,1
4085,21208,1
4086,21209,1
4087,21210,1
4088,21211,1
4089,21212,1
4090,21213,1
4091,21214,1
4092,21215,1
4093,21216,1
4094,21217,1
4095,21218,1
4096,21219,1
4097,21220,1
4098,21221,1
4099,21222,1
4100,21223,1
4101,21224,1
4102,21225,1
4103,21226,1
4104,21227,1
4105,21228,1
4106,21229,1
4107,21230,1
4108,21231,1
4109,21232,1
4110,21233,1
4111,21234,1
4112,21235,1
4113,21236,1
4114,21237,1
4115,21238,1
4116,21239,1
4117,21240,1
4118,21241,1
4119,21242,1
4120,21243,1
4121,21244,1
4122,21245,1
4123,21246,1
4124,21247,1
4125,21248,1
4126,21249,1
4127,21250,1
4128,21251,1
4129,21252,1
4130,21253,1
4131,21254,1
4132,21255,1
4133,21256,1
4134,21257,1
4135,21258,1
4136,21259,1
4137,21260,1
4138,21261,1
4139,21262,1
4140,21263,1
4141,21264,1
4142,21265,1
4143,21266,1
4144,21267,1
4145,21268,1
4146,21269,1
4147,21270,1
4148,21271,1
4149,21272,1
4150,21273,1
4151,21274,1
4152,21275,1
4153,21276,1
4154,21277,1
4155,21278,1
4156,21279,1
4157,21280,1
4158,21281,1
4159,21282,1
4160,21283,1
4161,21284,1
4162,21285,1
4163,21286,1
4164,21287,1
4165,21288,1
4166,21289,1
4167,21290,1
4168,21291,1
4169,21292,1
4170,21293,1
4171,21294,1
4172,21295,1
4173,21296,1
4174,21297,1
4175,21298,1
4176,21299,1
4177,21300,1
4178,21301,1
4179,21302,1
4180,21303,1
4181,21304,1
4182,21305,1
4183,21306,1
4184,21307,1
4185,21308,1
4186,21309,1
4187,21310,1
4188,21311,1
4189,21312,1
4190,21313,1
4191,21314,1
4192,21315,1
4193,21316,1
4194,21317,1
4195,21318,1
4196,21319,1
4197,21320,1
4198,21321,1
4199,21322,1
4200,21323,1
4201,21324,1
4202,21325,1
4203,21326,1
4204,21327,1
4205,21328,1
4206,21329,1
4207,21330,1
4208,21331,1
4209,21332,1
4210,21333,1
4211,21334,1
4212,21335,1
4213,21336,1
4214,21337,1
4215,21338,1
4216,21339,1
4217,21340,1
4218,21341,1
4219,21342,1
4220,21343,1
4221,21344,1
4222,21345,1
4223,21346,1
4378,21347,1
4379,21348,1
4380,21349,1
4381,21350,1
4382,21351,1
4383,21352,1
4384,21353,1
4385,21354,1
4386,21355,1
4387,21356,1
4388,21357,1
4389,21358,1
4390,21359,1
4391,21360,1
4392,21361,1
4393,21362,1
4394,21363,1
4395,21364,1
4396,21365,1
4397,21366,1
4398,21367,1
4399,21368,1
4400,21369,1
4401,21370,1
4402,21371,1
4403,21372,1
4404,21373,1
4405,21374,1
4406,21375,1
4407,21376,1
4408,21377,1
4409,21378,1
4410,21379,1
4411,21380,1
4412,21381,1
4413,21382,1
4414,21383,1
4415,21384,1
4416,21385,1
4417,21386,1
4418,21387,1
4419,21388,1
4420,21389,1
4421,21390,1
4422,21391,1
4423,21392,1
4424,21393,1
4425,21394,1
4426,21395,1
4427,21396,1
4428,21397,1
4429,21398,1
4430,21399,1
4431,21400,1
4432,21401,1
4433,21402,1
4434,21403,1
4435,21404,1
4436,21405,1
4437,21406,1
4438,21407,1
4439,21408,1
4440,21409,1
4441,21410,1
4442,21411,1
4443,21412,1
4444,21413,1
4445,21414,1
4446,21415,1
4447,21416,1
4448,21417,1
4449,21418,1
4450,21419,1
4451,21420,1
4452,21421,1
4453,21422,1
4454,21423,1
4455,21424,1
4456,21425,1
4457,21426,1
4458,21427,1
4459,21428,1
4460,21429,1
4461,21430,1
4462,21431,1
4463,21432,1
4464,21433,1
4465,21434,1
4466,21435,1
4467,21436,1
4468,21437,1
4469,21438,1
4470,21439,1
4471,21440,1
4472,21441,1
4473,21442,1
4474,21443,1
4475,21444,1
4476,21445,1
4477,21446,1
4478,21447,1
4479,21448,1
4480,21449,1
4481,21450,1
4482,21451,1
4483,21452,1
4484,21453,1
4485,21454,1
4486,21455,1
4487,21456,1
4488,21457,1
4489,21458,1
4490,21459,1
4491,21460,1
4492,21461,1
4493,21462,1
4494,21463,1
4495,21464,1
4496,21465,1
4497,21466,1
4498,21467,1
4499,21468,1
4500,21469,1
4501,21470,1
4502,21471,1
4503,21472,1
4504,21473,1
4505,21474,1
4506,21475,1
4507,21476,1
4508,21477,1
4509,21478,1
4510,21479,1
4511,21480,1
4512,21481,1
4513,21482,1
4514,21483,1
4515,21484,1
4516,21485,1
4517,21486,1
4518,21487,1
4519,21488,1
4520,21489,1
4521,21490,1
4522,21491,1
4523,21492,1
4524,21493,1
4525,21494,1
4526,21495,1
4527,21496,1
4528,21497,1
4529,21498,1
4530,21499,1
4531,21500,1
4532,21501,1
4533,21502,1
4534,21503,1
4535,21504,1
4536,21505,1
4537,21506,1
4538,21507,1
4539,21508,1
4540,21509,1
4541,21510,1
4542,21511,1
4543,21512,1
4544,21513,1
4545,21514,1
4546,21515,1
4547,21516,1
4548,21517,1
4549,21518,1
4550,21519,1
4551,21520,1
4552,21521,1
4553,21522,1
4554,21523,1
4555,21524,1
4556,21525,1
4557,21526,1
4558,21527,1
4559,21528,1
4560,21529,1
4561,21530,1
4562,21531,1
4563,21532,1
4564,21533,1
4565,21534,1
4566,21535,1
4567,21536,1
4568,21537,1
4569,21538,1
4570,21539,1
4571,21540,1
4572,21541,1
4573,21542,1
4574,21543,1
4575,21544,1
4576,21545,1
4577,21546,1
4578,21547,1
4579,21548,1
4580,21549,1
4581,21550,1
4582,21551,1
4583,21552,1
4584,21553,1
4585,21554,1
4586,21555,1
4587,21556,1
4588,21557,1
4589,21558,1
4590,21559,1
4591,21560,1
4592,21561,1
4593,21562,1
4594,21563,1
4595,21564,1
4596,21565,1
4597,21566,1
4598,21567,1
4599,21568,1
4600,21569,1
4601,21570,1
4602,21571,1
4603,21572,1
4604,21573,1
4605,21574,1
4606,21575,1
4607,21576,1
4608,21577,1
4609,21578,1
4610,21579,1
4611,21580,1
4612,21581,1
4613,21582,1
4614,21583,1
4615,21584,1
4616,21585,1
4617,21586,1
4618,21587,1
4619,21588,1
4620,21589,1
4621,21590,1
4622,21591,1
4623,21592,1
4624,21593,1
4625,21594,1
4626,21595,1
4627,21596,1
4628,21597,1
4629,21598,1
4630,21599,1
4631,21600,1
4632,21601,1
4633,21602,1
4634,21603,1
4635,21604,1
4636,21605,1
4637,21606,1
4638,21607,1
4639,21608,1
4640,21609,1
4641,21610,1
4642,21611,1
4643,21612,1
4644,21613,1
4645,21614,1
4646,21615,1
4647,21616,1
4648,21617,1
4649,21618,1
4650,21619,1
4651,21620,1
4652,21621,1
4653,21622,1
4654,21623,1
4655,21624,1
4656,21625,1
4657,21626,1
4658,21627,1
4659,21628,1
4660,21629,1
4661,21630,1
4662,21631,1
4663,21632,1
4664,21633,1
4665,21634,1
4666,21635,1
4667,21636,1
4668,21637,1
4669,21638,1
4670,21639,1
4671,21640,1
4672,21641,1
4673,21642,1
4674,21643,1
4675,21644,1
4676,21645,1
4677,21646,1
4678,21647,1
4679,21648,1
4680,21649,1
4681,21650,1
4682,21651,1
4683,21652,1
4684,21653,1
4685,21654,1
4686,21655,1
4687,21656,1
4688,21657,1
4689,21658,1
4690,21659,1
4691,21660,1
4692,21661,1
4693,21662,1
4694,21663,1
4695,21664,1
4696,21665,1
4697,21666,1
4698,21667,1
4699,21668,1
4700,21669,1
4701,21670,1
4702,21671,1
4703,21672,1
4704,21673,1
4705,21674,1
4706,21675,1
4707,21676,1
4708,21677,1
4709,21678,1
4710,21679,1
4711,21680,1
4712,21681,1
4713,21682,1
4714,21683,1
4715,21684,1
4716,21685,1
4717,21686,1
4718,21687,1
4719,21688,1
4720,21689,1
4721,21690,1
4722,21691,1
4723,21692,1
4724,21693,1
4725,21694,1
4726,21695,1
4727,21696,1
4728,21697,1
4729,21698,1
4730,21699,1
4731,21700,1
4732,21701,1
4733,21702,1
4734,21703,1
4735,21704,1
4736,21705,1
4737,21706,1
4738,21707,1
4739,21708,1
4740,21709,1
4741,21710,1
4742,21711,1
4743,21712,1
4744,21713,1
4745,21714,1
4746,21715,1
4747,21716,1
4748,21717,1
4749,21718,1
4750,21719,1
4751,21720,1
4752,21721,1
4753,21722,1
4754,21723,1
4755,21724,1
4756,21725,1
4757,21726,1
4758,21727,1
4759,21728,1
4760,21729,1
4761,21730,1
4762,21731,1
4763,21732,1
4764,21733,1
4765,21734,1
4766,21735,1
4767,21736,1
4768,21737,1
4769,21738,1
4770,21739,1
4771,21740,1
4772,21741,1
4773,21742,1
4774,21743,1
4775,21744,1
4776,21745,1
4777,21746,1
4778,21747,1
4779,21748,1
4780,21749,1
4781,21750,1
4782,21751,1
4783,21752,1
4784,21753,1
4785,21754,1
4786,21755,1
4787,21756,1
4788,21757,1
4789,21758,1
4790,21759,1
4791,21760,1
4792,21761,1
4793,21762,1
4794,21763,1
4795,21764,1
4796,21765,1
4797,21766,1
4798,21767,1
4799,21768,1
4800,21769,1
4801,21770,1
4802,21771,1
4803,21772,1
4804,21773,1
4805,21774,1
4806,21775,1
4807,21776,1
4808,21777,1
4809,21778,1
4810,21779,1
4811,21780,1
4812,21781,1
4813,21782,1
4814,21783,1
4815,21784,1
4816,21785,1
4817,21786,1
4818,21787,1
4819,21788,1
4820,21789,1
4821,21790,1
4822,21791,1
4823,21792,1
4824,21793,1
4825,21794,1
4826,21795,1
4827,21796,1
4828,21797,1
4829,21798,1
4830,21799,1
4831,21800,1
4832,21801,1
4833,21802,1
4834,21803,1
4835,21804,1
4836,21805,1
4837,21806,1
4838,21807,1
4839,21808,1
4840,21809,1
4841,21810,1
4842,21811,1
4843,21812,1
4844,21813,1
4845,21814,1
4846,21815,1
4847,21816,1
4848,21817,1
4849,21818,1
4850,21819,1
4851,21820,1
4852,21821,1
4853,21822,1
4854,21823,1
4855,21824,1
4856,21825,1
4857,21826,1
4858,21827,1
4859,21828,1
4860,21829,1
4861,21830,1
4862,21831,1
4863,21832,1
4864,21833,1
4865,21834,1
4866,21835,1
4867,21836,1
4868,21837,1
4869,21838,1
4870,21839,1
4871,21840,1
4872,21841,1
4873,21842,1
4874,21843,1
4875,21844,1
4876,21845,1
4877,21846,1
4878,21847,1
4879,21848,1
4880,21849,1
4881,21850,1
4882,21851,1
4883,21852,1
4884,21853,1
4885,21854,1
4886,21855,1
4887,21856,1
4888,21857,1
4889,21858,1
4890,21859,1
4891,21860,1
4892,21861,1
4893,21862,1
4894,21863,1
4895,21864,1
4896,21865,1
4897,21866,1
4898,21867,1
4899,21868,1
4900,21869,1
4901,21870,1
4902,21871,1
4903,21872,1
4904,21873,1
4905,21874,1
4906,21875,1
4907,21876,1
4908,21877,1
4909,21878,1
4910,21879,1
4911,21880,1
4912,21881,1
4913,21882,1
4914,21883,1
4915,21884,1
4916,21885,1
4917,21886,1
4918,21887,1
4919,21888,1
4920,21889,1
4921,21890,1
4922,21891,1
4923,21892,1
4924,21893,1
4925,21894,1
4926,21895,1
4927,21896,1
4928,21897,1
4929,21898,1
4930,21899,1
4931,21900,1
4932,21901,1
4933,21902,1
4934,21903,1
4935,21904,1
4936,21905,1
4937,21906,1
4938,21907,1
4939,21908,1
4940,21909,1
4941,21910,1
4942,21911,1
4943,21912,1
4944,21913,1
4945,21914,1
4946,21915,1
4947,21916,1
4948,21917,1
4949,21918,1
4950,21919,1
4951,21920,1
4952,21921,1
4953,21922,1
4954,21923,1
4955,21924,1
4956,21925,1
4957,21926,1
4958,21927,1
4959,21928,1
4960,21929,1
4961,21930,1
4962,21931,1
4963,21932,1
4964,21933,1
4965,21934,1
4966,21935,1
4967,21936,1
4968,21937,1
4969,21938,1
4970,21939,1
4971,21940,1
4972,21941,1
4973,21942,1
4974,21943,1
4975,21944,1
4976,21945,1
4977,21946,1
4978,21947,1
4979,21948,1
4980,21949,1
4981,21950,1
4982,21951,1
4983,21952,1
4984,21953,1
4985,21954,1
4986,21955,1
4987,21956,1
4988,21957,1
4989,21958,1
4990,21959,1
4991,21960,1
4992,21961,1
4993,21962,1
4994,21963,1
4995,21964,1
4996,21965,1
4997,21966,1
4998,21967,1
4999,21968,1
5000,21969,1
5001,21970,1
5002,21971,1
5003,21972,1
5004,21973,1
5005,21974,1
5006,21975,1
5007,21976,1
5008,21977,1
5009,21978,1
5010,21979,1
5011,21980,1
5012,21981,1
5013,21982,1
5014,21983,1
5015,21984,1
5016,21985,1
5017,21986,1
5018,21987,1
5019,21988,1
5020,21989,1
5021,21990,1
5022,21991,1
5023,21992,1
5024,21993,1
5025,21994,1
5026,21995,1
5027,21996,1
5028,21997,1
5029,21998,1
5030,21999,1
5031,22000,1
5032,22001,1
5033,22002,1
5034,22003,1
5035,22004,1
5036,22005,1
5037,22006,1
5038,22007,1
5039,22008,1
5040,22009,1
5041,22010,1
5042,22011,1
5043,22012,1
5044,22013,1
5045,22014,1
5046,22015,1
5047,22016,1
5048,22017,1
5049,22018,1
5050,22019,1
5051,22020,1
5052,22021,1
5053,22022,1
5054,22023,1
5055,22024,1
5056,22025,1
5057,22026,1
5058,22027,1
5059,22028,1
5060,22029,1
5061,22030,1
5062,22031,1
5063,22032,1
5064,22033,1
5065,22034,1
5066,22035,1
5067,22036,1
5068,22037,1
5069,22038,1
5070,22039,1
5071,22040,1
5072,22041,1
5073,22042,1
5074,22043,1
5075,22044,1
5076,22045,1
5077,22046,1
5078,22047,1
5079,22048,1
5080,22049,1
5081,22050,1
5082,22051,1
5083,22052,1
5084,22053,1
5085,22054,1
5086,22055,1
5087,22056,1
5088,22057,1
5089,22058,1
5090,22059,1
5091,22060,1
5092,22061,1
5093,22062,1
5094,22063,1
5095,22064,1
5096,22065,1
5097,22066,1
5098,22067,1
5099,22068,1
5100,22069,1
5101,22070,1
5102,22071,1
5103,22072,1
5104,22073,1
5105,22074,1
5106,22075,1
5107,22076,1
5108,22077,1
5109,22078,1
5110,22079,1
5111,22080,1
5112,22081,1
5113,22082,1
5114,22083,1
5115,22084,1
5116,22085,1
5117,22086,1
5118,22087,1
5119,22088,1
5120,22089,1
5121,22090,1
5122,22091,1
5123,22092,1
5124,22093,1
5125,22094,1
5126,22095,1
5127,22096,1
5128,22097,1
5129,22098,1
5130,22099,1
5131,22100,1
5132,22101,1
5133,22102,1
5134,22103,1
5135,22104,1
5136,22105,1
5137,22106,1
5138,22107,1
5139,22108,1
5140,22109,1
5141,22110,1
5142,22111,1
5143,22112,1
5144,22113,1
5145,22114,1
5146,22115,1
5147,22116,1
5148,22117,1
5149,22118,1
5150,22119,1
5151,22120,1
5152,22121,1
5153,22122,1
5154,22123,1
5155,22124,1
5156,22125,1
5157,22126,1
5158,22127,1
5159,22128,1
5160,22129,1
5161,22130,1
5162,22131,1
5163,22132,1
5164,22133,1
5165,22134,1
5166,22135,1
5167,22136,1
5168,22137,1
5169,22138,1
5170,22139,1
5171,22140,1
5172,22141,1
5173,22142,1
5174,22143,1
5175,22144,1
5176,22145,1
5177,22146,1
5178,22147,1
5179,22148,1
5180,22149,1
5181,22150,1
5182,22151,1
5183,22152,1
5184,22153,1
5185,22154,1
5186,22155,1
5187,22156,1
5188,22157,1
5189,22158,1
5190,22159,1
5191,22160,1
5192,22161,1
5193,22162,1
5194,22163,1
5195,22164,1
5196,22165,1
5197,22166,1
5198,22167,1
5199,22168,1
5200,22169,1
5201,22170,1
5202,22171,1
5203,22172,1
5204,22173,1
5205,22174,1
5206,22175,1
5207,22176,1
5208,22177,1
5209,22178,1
5210,22179,1
5211,22180,1
5212,22181,1
5213,22182,1
5214,22183,1
5215,22184,1
5216,22185,1
5217,22186,1
5218,22187,1
5219,22188,1
5220,22189,1
5221,22190,1
5668,22191,1
5669,22192,1
5670,22193,1
5671,22194,1
5672,22195,1
5673,22196,1
5674,22197,1
5675,22198,1
5676,22199,1
5677,22200,1
5678,22201,1
5679,22202,1
5680,22203,1
5681,22204,1
5682,22205,1
5683,22206,1
5684,22207,1
5685,22208,1
5686,22209,1
5687,22210,1
5688,22211,1
5689,22212,1
5690,22213,1
5691,22214,1
5692,22215,1
5693,22216,1
5694,22217,1
5695,22218,1
5696,22219,1
5697,22220,1
5698,22221,1
5699,22222,1
5700,22223,1
5701,22224,1
5702,22225,1
5703,22226,1
5704,22227,1
5705,22228,1
5706,22229,1
5707,22230,1
5708,22231,1
5709,22232,1
5710,22233,1
5711,22234,1
5712,22235,1
5713,22236,1
5714,22237,1
5715,22238,1
5716,22239,1
5717,22240,1
5718,22241,1
5719,22242,1
5720,22243,1
5721,22244,1
5722,22245,1
5723,22246,1
5724,22247,1
5725,22248,1
5726,22249,1
5727,22250,1
5728,22251,1
5729,22252,1
5730,22253,1
5731,22254,1
5732,22255,1
5733,22256,1
5734,22257,1
5735,22258,1
5736,22259,1
5737,22260,1
5738,22261,1
5739,22262,1
5740,22263,1
5741,22264,1
5742,22265,1
5743,22266,1
5744,22267,1
5745,22268,1
5746,22269,1
5747,22270,1
5748,22271,1
5749,22272,1
5750,22273,1
5751,22274,1
5752,22275,1
5753,22276,1
5754,22277,1
5755,22278,1
5756,22279,1
5757,22280,1
5758,22281,1
5759,22282,1
5760,22283,1
5761,22284,1
5762,22285,1
5763,22286,1
5764,22287,1
5765,22288,1
5766,22289,1
5767,22290,1
5768,22291,1
5769,22292,1
5770,22293,1
5771,22294,1
5772,22295,1
5773,22296,1
5774,22297,1
5775,22298,1
5776,22299,1
5777,22300,1
5778,22301,1
5779,22302,1
5780,22303,1
5781,22304,1
5782,22305,1
5783,22306,1
5784,22307,1
5785,22308,1
5786,22309,1
5787,22310,1
5788,22311,1
5789,22312,1
5790,22313,1
5791,22314,1
5792,22315,1
5793,22316,1
5794,22317,1
5795,22318,1
5796,22319,1
5797,22320,1
5798,22321,1
5799,22322,1
5800,22323,1
5801,22324,1
5802,22325,1
5803,22326,1
5804,22327,1
5805,22328,1
5806,22329,1
5807,22330,1
5808,22331,1
5809,22332,1
5810,22333,1
5811,22334,1
5812,22335,1
5813,22336,1
5814,22337,1
5815,22338,1
5816,22339,1
5817,22340,1
5818,22341,1
5819,22342,1
5820,22343,1
5821,22344,1
5822,22345,1
5823,22346,1
5824,22347,1
5825,22348,1
5826,22349,1
5827,22350,1
5828,22351,1
5829,22352,1
5830,22353,1
5831,22354,1
5832,22355,1
5833,22356,1
5834,22357,1
5835,22358,1
5836,22359,1
5837,22360,1
5838,22361,1
5839,22362,1
5840,22363,1
5841,22364,1
5842,22365,1
5843,22366,1
5844,22367,1
5845,22368,1
5846,22369,1
5847,22370,1
5848,22371,1
5849,22372,1
5850,22373,1
5851,22374,1
5852,22375,1
5853,22376,1
5854,22377,1
5855,22378,1
5856,22379,1
5857,22380,1
5858,22381,1
5859,22382,1
5860,22383,1
5861,22384,1
5862,22385,1
5863,22386,1
5864,22387,1
5865,22388,1
5866,22389,1
5867,22390,1
5868,22391,1
5869,22392,1
5870,22393,1
5871,22394,1
5872,22395,1
5873,22396,1
5874,22397,1
5875,22398,1
5876,22399,1
5877,22400,1
5878,22401,1
5879,22402,1
5880,22403,1
5881,22404,1
5882,22405,1
5883,22406,1
5884,22407,1
5885,22408,1
5886,22409,1
5887,22410,1
5888,22411,1
5889,22412,1
5890,22413,1
5891,22414,1
5892,22415,1
5893,22416,1
5894,22417,1
5895,22418,1
5896,22419,1
5897,22420,1
5898,22421,1
5899,22422,1
5900,22423,1
5901,22424,1
5902,22425,1
5903,22426,1
5904,22427,1
5905,22428,1
5906,22429,1
5907,22430,1
5908,22431,1
5909,22432,1
5910,22433,1
5911,22434,1
5912,22435,1
5913,22436,1
5914,22437,1
5915,22438,1
5916,22439,1
5917,22440,1
5918,22441,1
5919,22442,1
5920,22443,1
5921,22444,1
5922,22445,1
5923,22446,1
5924,22447,1
5925,22448,1
5926,22449,1
5927,22450,1
5928,22451,1
5929,22452,1
5930,22453,1
5931,22454,1
5932,22455,1
5933,22456,1
5934,22457,1
5935,22458,1
5936,22459,1
5937,22460,1
5938,22461,1
5939,22462,1
5940,22463,1
5941,22464,1
5942,22465,1
5943,22466,1
5944,22467,1
5945,22468,1
5946,22469,1
5947,22470,1
5948,22471,1
5949,22472,1
5950,22473,1
5951,22474,1
5952,22475,1
5953,22476,1
5954,22477,1
5955,22478,1
5956,22479,1
5957,22480,1
5958,22481,1
5959,22482,1
5960,22483,1
5961,22484,1
5962,22485,1
5963,22486,1
5964,22487,1
5965,22488,1
5966,22489,1
5967,22490,1
5968,22491,1
5969,22492,1
5970,22493,1
5971,22494,1
5972,22495,1
5973,22496,1
5974,22497,1
5975,22498,1
5976,22499,1
5977,22500,1
5978,22501,1
5979,22502,1
5980,22503,1
5981,22504,1
5982,22505,1
6447,22506,1
6448,22507,1
6449,22508,1
6450,22509,1
6451,22510,1
6452,22511,1
6453,22512,1
6454,22513,1
6455,22514,1
6456,22515,1
6457,22516,1
6458,22517,1
6459,22518,1
6460,22519,1
6461,22520,1
6462,22521,1
6463,22522,1
6464,22523,1
6465,22524,1
6466,22525,1
6467,22526,1
6468,22527,1
6469,22528,1
6470,22529,1
6471,22530,1
6472,22531,1
6473,22532,1
6474,22533,1
6475,22534,1
6476,22535,1
6477,22536,1
6478,22537,1
6479,22538,1
6480,22539,1
6481,22540,1
6482,22541,1
6483,22542,1
6484,22543,1
6485,22544,1
6486,22545,1
6487,22546,1
6488,22547,1
6489,22548,1
6490,22549,1
6491,22550,1
6492,22551,1
6493,22552,1
6494,22553,1
6495,22554,1
6496,22555,1
6497,22556,1
6498,22557,1
6499,22558,1
6500,22559,1
6501,22560,1
6502,22561,1
6503,22562,1
6504,22563,1
6505,22564,1
6506,22565,1
6507,22566,1
6508,22567,1
6509,22568,1
6510,22569,1
6511,22570,1
6512,22571,1
6513,22572,1
6514,22573,1
6515,22574,1
6516,22575,1
6517,22576,1
6518,22577,1
6519,22578,1
6520,22579,1
6521,22580,1
6522,22581,1
6523,22582,1
6524,22583,1
6525,22584,1
6526,22585,1
6527,22586,1
6528,22587,1
6529,22588,1
6530,22589,1
6531,22590,1
6532,22591,1
6533,22592,1
6534,22593,1
6535,22594,1
6536,22595,1
6537,22596,1
6538,22597,1
6539,22598,1
6540,22599,1
6541,22600,1
6542,22601,1
6543,22602,1
6544,22603,1
6545,22604,1
6546,22605,1
6547,22606,1
6548,22607,1
6549,22608,1
6550,22609,1
6551,22610,1
6552,22611,1
6553,22612,1
6554,22613,1
6555,22614,1
6556,22615,1
6557,22616,1
6558,22617,1
6559,22618,1
6560,22619,1
6561,22620,1
6562,22621,1
6563,22622,1
6564,22623,1
6565,22624,1
6566,22625,1
6567,22626,1
6568,22627,1
6569,22628,1
6570,22629,1
6571,22630,1
6572,22631,1
6573,22632,1
6574,22633,1
6575,22634,1
6576,22635,1
6577,22636,1
6578,22637,1
6579,22638,1
6580,22639,1
6581,22640,1
6582,22641,1
6583,22642,1
6584,22643,1
6585,22644,1
6586,22645,1
6587,22646,1
6588,22647,1
6589,22648,1
6590,22649,1
6591,22650,1
6592,22651,1
6593,22652,1
6594,22653,1
6595,22654,1
6596,22655,1
6597,22656,1
6598,22657,1
6599,22658,1
6600,22659,1
6601,22660,1
6602,22661,1
6603,22662,1
6604,22663,1
6605,22664,1
6606,22665,1
6607,22666,1
6608,22667,1
6609,22668,1
6610,22669,1
6611,22670,1
6612,22671,1
6613,22672,1
6614,22673,1
6615,22674,1
6616,22675,1
6617,22676,1
6618,22677,1
6619,22678,1
6620,22679,1
6621,22680,1
6622,22681,1
6623,22682,1
6624,22683,1
6625,22684,1
6626,22685,1
6627,22686,1
6628,22687,1
6629,22688,1
6630,22689,1
6631,22690,1
6632,22691,1
6633,22692,1
6634,22693,1
6635,22694,1
6636,22695,1
6637,22696,1
6638,22697,1
6639,22698,1
6640,22699,1
6641,22700,1
6642,22701,1
6643,22702,1
6644,22703,1
6645,22704,1
6646,22705,1
6647,22706,1
6648,22707,1
6649,22708,1
6650,22709,1
6651,22710,1
6652,22711,1
6653,22712,1
6654,22713,1
6655,22714,1
6656,22715,1
6657,22716,1
6658,22717,1
6659,22718,1
6660,22719,1
6661,22720,1
6662,22721,1
6663,22722,1
6664,22723,1
6665,22724,1
6666,22725,1
6667,22726,1
6668,22727,1
6669,22728,1
6670,22729,1
6671,22730,1
6672,22731,1
6673,22732,1
6674,22733,1
6675,22734,1
6676,22735,1
6677,22736,1
6678,22737,1
6679,22738,1
6680,22739,1
6681,22740,1
6682,22741,1
6683,22742,1
6684,22743,1
6685,22744,1
6686,22745,1
6687,22746,1
6688,22747,1
6689,22748,1
6690,22749,1
6691,22750,1
6692,22751,1
6693,22752,1
6694,22753,1
6695,22754,1
6696,22755,1
6697,22756,1
6698,22757,1
6699,22758,1
6700,22759,1
6701,22760,1
6702,22761,1
6703,22762,1
6704,22763,1
6705,22764,1
6706,22765,1
6707,22766,1
6708,22767,1
6709,22768,1
6710,22769,1
6711,22770,1
6712,22771,1
6713,22772,1
6714,22773,1
6715,22774,1
6716,22775,1
6717,22776,1
6718,22777,1
6719,22778,1
6720,22779,1
6721,22780,1
6722,22781,1
6723,22782,1
6724,22783,1
6725,22784,1
6726,22785,1
6727,22786,1
6728,22787,1
6729,22788,1
6730,22789,1
6731,22790,1
6732,22791,1
6733,22792,1
6734,22793,1
6735,22794,1
6736,22795,1
6737,22796,1
6738,22797,1
6739,22798,1
6740,22799,1
6741,22800,1
6742,22801,1
6743,22802,1
6744,22803,1
6745,22804,1
6746,22805,1
6747,22806,1
6748,22807,1
6749,22808,1
6750,22809,1
6751,22810,1
6752,22811,1
6753,22812,1
6754,22813,1
6755,22814,1
6756,22815,1
6757,22816,1
6758,22817,1
6759,22818,1
6760,22819,1
6761,22820,1
6762,22821,1
6763,22822,1
6764,22823,1
6765,22824,1
6766,22825,1
6767,22826,1
6768,22827,1
6769,22828,1
6770,22829,1
6771,22830,1
6772,22831,1
6773,22832,1
6774,22833,1
6775,22834,1
6776,22835,1
6777,22836,1
6778,22837,1
6779,22838,1
6780,22839,1
6781,22840,1
6782,22841,1
6783,22842,1
6784,22843,1
6785,22844,1
6786,22845,1
6787,22846,1
6788,22847,1
6789,22848,1
6790,22849,1
6791,22850,1
6792,22851,1
6793,22852,1
6794,22853,1
6795,22854,1
6796,22855,1
6797,22856,1
6798,22857,1
6799,22858,1
6800,22859,1
6801,22860,1
6802,22861,1
6803,22862,1
6804,22863,1
6805,22864,1
6806,22865,1
6807,22866,1
6808,22867,1
6809,22868,1
6810,22869,1
6811,22870,1
6812,22871,1
6813,22872,1
6814,22873,1
6815,22874,1
6816,22875,1
6817,22876,1
6818,22877,1
6819,22878,1
6820,22879,1
6821,22880,1
6822,22881,1
6823,22882,1
6824,22883,1
6825,22884,1
6826,22885,1
6827,22886,1
6828,22887,1
6829,22888,1
6830,22889,1
6831,22890,1
6832,22891,1
6833,22892,1
6834,22893,1
6835,22894,1
6836,22895,1
6837,22896,1
6838,22897,1
6839,22898,1
6840,22899,1
6841,22900,1
6842,22901,1
6843,22902,1
6844,22903,1
6845,22904,1
6846,22905,1
6847,22906,1
6848,22907,1
6849,22908,1
6850,22909,1
6851,22910,1
6852,22911,1
6853,22912,1
6854,22913,1
6855,22914,1
6856,22915,1
6857,22916,1
6858,22917,1
6859,22918,1
6860,22919,1
6861,22920,1
6862,22921,1
6863,22922,1
6864,22923,1
6865,22924,1
6866,22925,1
6867,22926,1
6868,22927,1
6869,22928,1
6870,22929,1
6871,22930,1
6872,22931,1
6873,22932,1
6874,22933,1
6875,22934,1
6876,22935,1
6877,22936,1
6878,22937,1
6879,22938,1
6880,22939,1
6881,22940,1
6882,22941,1
6883,22942,1
6884,22943,1
6885,22944,1
6886,22945,1
6887,22946,1
6888,22947,1
6889,22948,1
6890,22949,1
6891,22950,1
6892,22951,1
6893,22952,1
6894,22953,1
6895,22954,1
6896,22955,1
6897,22956,1
6898,22957,1
6899,22958,1
6900,22959,1
6901,22960,1
6902,22961,1
6903,22962,1
6904,22963,1
6905,22964,1
6906,22965,1
6907,22966,1
6908,22967,1
6909,22968,1
6910,22969,1
6911,22970,1
6912,22971,1
6913,22972,1
6914,22973,1
6915,22974,1
6916,22975,1
6917,22976,1
6918,22977,1
6919,22978,1
6920,22979,1
6921,22980,1
6922,22981,1
6923,22982,1
6924,22983,1
6925,22984,1
6926,22985,1
6927,22986,1
6928,22987,1
6929,22988,1
6930,22989,1
6931,22990,1
6932,22991,1
6933,22992,1
6934,22993,1
6935,22994,1
6936,22995,1
6937,22996,1
6938,22997,1
6939,22998,1
6940,22999,1
6941,23000,1
6942,23001,1
6943,23002,1
6944,23003,1
6945,23004,1
6946,23005,1
6947,23006,1
6948,23007,1
6949,23008,1
6950,23009,1
6951,23010,1
6952,23011,1
6953,23012,1
6954,23013,1
6955,23014,1
6956,23015,1
6957,23016,1
6958,23017,1
6959,23018,1
6960,23019,1
6961,23020,1
6962,23021,1
6963,23022,1
6964,23023,1
6965,23024,1
6966,23025,1
6967,23026,1
6968,23027,1
6969,23028,1
6970,23029,1
6971,23030,1
6972,23031,1
6973,23032,1
6974,23033,1
6975,23034,1
6976,23035,1
6977,23036,1
6978,23037,1
6979,23038,1
6980,23039,1
6981,23040,1
6982,23041,1
6983,23042,1
6984,23043,1
6985,23044,1
6986,23045,1
6987,23046,1
6988,23047,1
6989,23048,1
6990,23049,1
6991,23050,1
6992,23051,1
6993,23052,1
6994,23053,1
6995,23054,1
6996,23055,1
6997,23056,1
6998,23057,1
6999,23058,1
7000,23059,1
7001,23060,1
7002,23061,1
7003,23062,1
7004,23063,1
7005,23064,1
7006,23065,1
7007,23066,1
7008,23067,1
7009,23068,1
7010,23069,1
7011,23070,1
7012,23071,1
7013,23072,1
7014,23073,1
7015,23074,1
7016,23075,1
7017,23076,1
7018,23077,1
7019,23078,1
7020,23079,1
7021,23080,1
7022,23081,1
7023,23082,1
7024,23083,1
7025,23084,1
7026,23085,1
7027,23086,1
7028,23087,1
7029,23088,1
7030,23089,1
7031,23090,1
7032,23091,1
7033,23092,1
7034,23093,1
7035,23094,1
7036,23095,1
7037,23096,1
7038,23097,1
7039,23098,1
7040,23099,1
7041,23100,1
7042,23101,1
7043,23102,1
7044,23103,1
7045,23104,1
7046,23105,1
7047,23106,1
7048,23107,1
7049,23108,1
7050,23109,1
9042,23110,1
9043,23111,1
9044,23112,1
9045,23113,1
9046,23114,1
9047,23115,1
9048,23116,1
9049,23117,1
9050,23118,1
9051,23119,1
9052,23120,1
9053,23121,1
9054,23122,1
9055,23123,1
9056,23124,1
9057,23125,1
9058,23126,1
9059,23127,1
9060,23128,1
9061,23129,1
9062,23130,1
9063,23131,1
9064,23132,1
9065,23133,1
9066,23134,1
9067,23135,1
9068,23136,1
9069,23137,1
9070,23138,1
9071,23139,1
9072,23140,1
9073,23141,1
9074,23142,1
9075,23143,1
9076,23144,1
9077,23145,1
9078,23146,1
9079,23147,1
9080,23148,1
9081,23149,1
9082,23150,1
9083,23151,1
9084,23152,1
9085,23153,1
9086,23154,1
9087,23155,1
9088,23156,1
9089,23157,1
9090,23158,1
9091,23159,1
9092,23160,1
9093,23161,1
9094,23162,1
9095,23163,1
9096,23164,1
9097,23165,1
9098,23166,1
9099,23167,1
9100,23168,1
9101,23169,1
9102,23170,1
9103,23171,1
9104,23172,1
9105,23173,1
9106,23174,1
9107,23175,1
9108,23176,1
9109,23177,1
9110,23178,1
9111,23179,1
9112,23180,1
9113,23181,1
9114,23182,1
9115,23183,1
9116,23184,1
9117,23185,1
9118,23186,1
9119,23187,1
9120,23188,1
9121,23189,1
9122,23190,1
9123,23191,1
9124,23192,1
9125,23193,1
9126,23194,1
9127,23195,1
9128,23196,1
9129,23197,1
9130,23198,1
9131,23199,1
9132,23200,1
9133,23201,1
9134,23202,1
9135,23203,1
9136,23204,1
9137,23205,1
9138,23206,1
9139,23207,1
9140,23208,1
9141,23209,1
9142,23210,1
9143,23211,1
9144,23212,1
9145,23213,1
9146,23214,1
9147,23215,1
9148,23216,1
9149,23217,1
9150,23218,1
9151,23219,1
9152,23220,1
9153,23221,1
9154,23222,1
9155,23223,1
9156,23224,1
9157,23225,1
9158,23226,1
9159,23227,1
9160,23228,1
9161,23229,1
9162,23230,1
9163,23231,1
9164,23232,1
9165,23233,1
9166,23234,1
9167,23235,1
9168,23236,1
9169,23237,1
9170,23238,1
9171,23239,1
9172,23240,1
9173,23241,1
9174,23242,1
9175,23243,1
9176,23244,1
9177,23245,1
9178,23246,1
9179,23247,1
9180,23248,1
9181,23249,1
9182,23250,1
9183,23251,1
9184,23252,1
9185,23253,1
9186,23254,1
9187,23255,1
9188,23256,1
9189,23257,1
9190,23258,1
9191,23259,1
9192,23260,1
9193,23261,1
9194,23262,1
9195,23263,1
9196,23264,1
9197,23265,1
9198,23266,1
9199,23267,1
9200,23268,1
9201,23269,1
9202,23270,1
9203,23271,1
9204,23272,1
9205,23273,1
9206,23274,1
9207,23275,1
9208,23276,1
9209,23277,1
9210,23278,1
9211,23279,1
9212,23280,1
9213,23281,1
9214,23282,1
9215,23283,1
9216,23284,1
9217,23285,1
9218,23286,1
9219,23287,1
9220,23288,1
9221,23289,1
9222,23290,1
9223,23291,1
9224,23292,1
9225,23293,1
9226,23294,1
9227,23295,1
9228,23296,1
9229,23297,1
9230,23298,1
9231,23299,1
9232,23300,1
9233,23301,1
9234,23302,1
9235,23303,1
9236,23304,1
9237,23305,1
9238,23306,1
9239,23307,1
9240,23308,1
9241,23309,1
9242,23310,1
9243,23311,1
9244,23312,1
9245,23313,1
9246,23314,1
9247,23315,1
9248,23316,1
9249,23317,1
9250,23318,1
9251,23319,1
9252,23320,1
9253,23321,1
9254,23322,1
9255,23323,1
9256,23324,1
9257,23325,1
9258,23326,1
9259,23327,1
9260,23328,1
9261,23329,1
9262,23330,1
9263,23331,1
9264,23332,1
9265,23333,1
9266,23334,1
9267,23335,1
9268,23336,1
9269,23337,1
9270,23338,1
9271,23339,1
9272,23340,1
9273,23341,1
9274,23342,1
9275,23343,1
9276,23344,1
9277,23345,1
9278,23346,1
9279,23347,1
9280,23348,1
9281,23349,1
9282,23350,1
9283,23351,1
9284,23352,1
9285,23353,1
9286,23354,1
9287,23355,1
9288,23356,1
9289,23357,1
9290,23358,1
9291,23359,1
9292,23360,1
9293,23361,1
9294,23362,1
9295,23363,1
9296,23364,1
9297,23365,1
9298,23366,1
9299,23367,1
9300,23368,1
9301,23369,1
9302,23370,1
9303,23371,1
9304,23372,1
9305,23373,1
9306,23374,1
9307,23375,1
9308,23376,1
9309,23377,1
9310,23378,1
9311,23379,1
9312,23380,1
9313,23381,1
9314,23382,1
9315,23383,1
9316,23384,1
9317,23385,1
9318,23386,1
9319,23387,1
9320,23388,1
9321,23389,1
9322,23390,1
9323,23391,1
9324,23392,1
9325,23393,1
9326,23394,1
9327,23395,1
9328,23396,1
9329,23397,1
9330,23398,1
9331,23399,1
9332,23400,1
9333,23401,1
9334,23402,1
9335,23403,1
9336,23404,1
9337,23405,1
9338,23406,1
9339,23407,1
9340,23408,1
9341,23409,1
9342,23410,1
9343,23411,1
9344,23412,1
9345,23413,1
9346,23414,1
9347,23415,1
9348,23416,1
9349,23417,1
9350,23418,1
9351,23419,1
9352,23420,1
9353,23421,1
9354,23422,1
9355,23423,1
9356,23424,1
9357,23425,1
9358,23426,1
9359,23427,1
9360,23428,1
9361,23429,1
9362,23430,1
9363,23431,1
9364,23432,1
9365,23433,1
9366,23434,1
9367,23435,1
9368,23436,1
9369,23437,1
9370,23438,1
9371,23439,1
9372,23440,1
9373,23441,1
9374,23442,1
9375,23443,1
9376,23444,1
9377,23445,1
9378,23446,1
9379,23447,1
9380,23448,1
9381,23449,1
9382,23450,1
9383,23451,1
9384,23452,1
9385,23453,1
9386,23454,1
9387,23455,1
9388,23456,1
9389,23457,1
9390,23458,1
9391,23459,1
9392,23460,1
9393,23461,1
9394,23462,1
9395,23463,1
9396,23464,1
9397,23465,1
9398,23466,1
9399,23467,1
9400,23468,1
9401,23469,1
9402,23470,1
9403,23471,1
9404,23472,1
9405,23473,1
9406,23474,1
9407,23475,1
9408,23476,1
9409,23477,1
9410,23478,1
9411,23479,1
9412,23480,1
9413,23481,1
9414,23482,1
9415,23483,1
9416,23484,1
9417,23485,1
9418,23486,1
9419,23487,1
9420,23488,1
9421,23489,1
9422,23490,1
9423,23491,1
9424,23492,1
9425,23493,1
9426,23494,1
9427,23495,1
9428,23496,1
9429,23497,1
9430,23498,1
9431,23499,1
9432,23500,1
9433,23501,1
9434,23502,1
9435,23503,1
9436,23504,1
9437,23505,1
9438,23506,1
9439,23507,1
9440,23508,1
9441,23509,1
9442,23510,1
9443,23511,1
9444,23512,1
9445,23513,1
9446,23514,1
9447,23515,1
9448,23516,1
9449,23517,1
9450,23518,1
9451,23519,1
9452,23520,1
9453,23521,1
9454,23522,1
9455,23523,1
9456,23524,1
9457,23525,1
9458,23526,1
9459,23527,1
9460,23528,1
9461,23529,1
9462,23530,1
9463,23531,1
9464,23532,1
9465,23533,1
9466,23534,1
9467,23535,1
9468,23536,1
9469,23537,1
9470,23538,1
9471,23539,1
9472,23540,1
9473,23541,1
9474,23542,1
9475,23543,1
9476,23544,1
9477,23545,1
9478,23546,1
9479,23547,1
9480,23548,1
9481,23549,1
9482,23550,1
9483,23551,1
9484,23552,1
9485,23553,1
9486,23554,1
9487,23555,1
9488,23556,1
9489,23557,1
9490,23558,1
9491,23559,1
9492,23560,1
9493,23561,1
9494,23562,1
9495,23563,1
9496,23564,1
9497,23565,1
9498,23566,1
9499,23567,1
9500,23568,1
9501,23569,1
9502,23570,1
9503,23571,1
9504,23572,1
9505,23573,1
9506,23574,1
9507,23575,1
9508,23576,1
9509,23577,1
9510,23578,1
9511,23579,1
9512,23580,1
9513,23581,1
9514,23582,1
9515,23583,1
9516,23584,1
9517,23585,1
9518,23586,1
9519,23587,1
9520,23588,1
9521,23589,1
9522,23590,1
9523,23591,1
9524,23592,1
9525,23593,1
9526,23594,1
9527,23595,1
9528,23596,1
9529,23597,1
9530,23598,1
9531,23599,1
9532,23600,1
9533,23601,1
9534,23602,1
9535,23603,1
9536,23604,1
9537,23605,1
9538,23606,1
9539,23607,1
9540,23608,1
9541,23609,1
9542,23610,1
9543,23611,1
9544,23612,1
9545,23613,1
9546,23614,1
9547,23615,1
9548,23616,1
9549,23617,1
9550,23618,1
9551,23619,1
9552,23620,1
9553,23621,1
9554,23622,1
9555,23623,1
9556,23624,1
9557,23625,1
9558,23626,1
9559,23627,1
9560,23628,1
9561,23629,1
9562,23630,1
9563,23631,1
9564,23632,1
9565,23633,1
9566,23634,1
9567,23635,1
9568,23636,1
9569,23637,1
9570,23638,1
9571,23639,1
9572,23640,1
9573,23641,1
9574,23642,1
9575,23643,1
9576,23644,1
9577,23645,1
9578,23646,1
9579,23647,1
9580,23648,1
9581,23649,1
9582,23650,1
9583,23651,1
9584,23652,1
9585,23653,1
9586,23654,1
9587,23655,1
9588,23656,1
9589,23657,1
9590,23658,1
9591,23659,1
9592,23660,1
9593,23661,1
9594,23662,1
9595,23663,1
9596,23664,1
9597,23665,1
9598,23666,1
9599,23667,1
9600,23668,1
9601,23669,1
9602,23670,1
9603,23671,1
9604,23672,1
9605,23673,1
9606,23674,1
9607,23675,1
9608,23676,1
9609,23677,1
9610,23678,1
9611,23679,1
9612,23680,1
9613,23681,1
9614,23682,1
9615,23683,1
9616,23684,1
9617,23685,1
9618,23686,1
9619,23687,1
9620,23688,1
9621,23689,1
9622,23690,1
9623,23691,1
9624,23692,1
9625,23693,1
9626,23694,1
9627,23695,1
9628,23696,1
9629,23697,1
9630,23698,1
9631,23699,1
9632,23700,1
9633,23701,1
9634,23702,1
9635,23703,1
9636,23704,1
9637,23705,1
9638,23706,1
9639,23707,1
9640,23708,1
9641,23709,1
9642,23710,1
9643,23711,1
9644,23712,1
9645,23713,1
9646,23714,1
9647,23715,1
9648,23716,1
9649,23717,1
9650,23718,1
9651,23719,1
9652,23720,1
9653,23721,1
9654,23722,1
9655,23723,1
9656,23724,1
9657,23725,1
9658,23726,1
9659,23727,1
9660,23728,1
9661,23729,1
9662,23730,1
9663,23731,1
9664,23732,1
9665,23733,1
9666,23734,1
9667,23735,1
9668,23736,1
9669,23737,1
9670,23738,1
9671,23739,1
9672,23740,1
9673,23741,1
9674,23742,1
9675,23743,1
9676,23744,1
9677,23745,1
9678,23746,1
9679,23747,1
9680,23748,1
9681,23749,1
9682,23750,1
9683,23751,1
9684,23752,1
9685,23753,1
9686,23754,1
9687,23755,1
9688,23756,1
9689,23757,1
9690,23758,1
9691,23759,1
9692,23760,1
9693,23761,1
9694,23762,1
9695,23763,1
9696,23764,1
9697,23765,1
9698,23766,1
9699,23767,1
9700,23768,1
9701,23769,1
9702,23770,1
9703,23771,1
9704,23772,1
9705,23773,1
9706,23774,1
9707,23775,1
9708,23776,1
9709,23777,1
9710,23778,1
9711,23779,1
9712,23780,1
9713,23781,1
9714,23782,1
9715,23783,1
9716,23784,1
9717,23785,1
9718,23786,1
9719,23787,1
9720,23788,1
9721,23789,1
9722,23790,1
9723,23791,1
9724,23792,1
9725,23793,1
9726,23794,1
9727,23795,1
9728,23796,1
9729,23797,1
9730,23798,1
9731,23799,1
9732,23800,1
9733,23801,1
9734,23802,1
9735,23803,1
9736,23804,1
9737,23805,1
9738,23806,1
9739,23807,1
9740,23808,1
9741,23809,1
9742,23810,1
9743,23811,1
9744,23812,1
9745,23813,1
9746,23814,1
9747,23815,1
9748,23816,1
9749,23817,1
9750,23818,1
9751,23819,1
9752,23820,1
9753,23821,1
9754,23822,1
9755,23823,1
9756,23824,1
9757,23825,1
9758,23826,1
9759,23827,1
9760,23828,1
9761,23829,1
9762,23830,1
9763,23831,1
9764,23832,1
9765,23833,1
9766,23834,1
9767,23835,1
9768,23836,1
9769,23837,1
9770,23838,1
9771,23839,1
9772,23840,1
9773,23841,1
9774,23842,1
9775,23843,1
9776,23844,1
9777,23845,1
9778,23846,1
9779,23847,1
9780,23848,1
9781,23849,1
9782,23850,1
9783,23851,1
9784,23852,1
9785,23853,1
9786,23854,1
9787,23855,1
9788,23856,1
9789,23857,1
9790,23858,1
9791,23859,1
9792,23860,1
9793,23861,1
9794,23862,1
9795,23863,1
9796,23864,1
9797,23865,1
9798,23866,1
9799,23867,1
9800,23868,1
9801,23869,1
9802,23870,1
9803,23871,1
9804,23872,1
9805,23873,1
9806,23874,1
9807,23875,1
9808,23876,1
9809,23877,1
9810,23878,1
9811,23879,1
9812,23880,1
9813,23881,1
9814,23882,1
9815,23883,1
9816,23884,1
9817,23885,1
9818,23886,1
9819,23887,1
9820,23888,1
9821,23889,1
9822,23890,1
9823,23891,1
9824,23892,1
9825,23893,1
9826,23894,1
9827,23895,1
9828,23896,1
9829,23897,1
9830,23898,1
9831,23899,1
9832,23900,1
9833,23901,1
9834,23902,1
9835,23903,1
9836,23904,1
9837,23905,1
9838,23906,1
9839,23907,1
9840,23908,1
9841,23909,1
9842,23910,1
9843,23911,1
9844,23912,1
9845,23913,1
9846,23914,1
9847,23915,1
9848,23916,1
9849,23917,1
9850,23918,1
9851,23919,1
9852,23920,1
9853,23921,1
9854,23922,1
9855,23923,1
9856,23924,1
9857,23925,1
9858,23926,1
9859,23927,1
9860,23928,1
9861,23929,1
9862,23930,1
9863,23931,1
9864,23932,1
9865,23933,1
9866,23934,1
9867,23935,1
9868,23936,1
9869,23937,1
9870,23938,1
9871,23939,1
9872,23940,1
9873,23941,1
9874,23942,1
9875,23943,1
9876,23944,1
9877,23945,1
9878,23946,1
9879,23947,1
9880,23948,1
9881,23949,1
9882,23950,1
9883,23951,1
9884,23952,1
9885,23953,1
9886,23954,1
9887,23955,1
9888,23956,1
9889,23957,1
9890,23958,1
9891,23959,1
9892,23960,1
9893,23961,1
9894,23962,1
9895,23963,1
9896,23964,1
9897,23965,1
9898,23966,1
9899,23967,1
9900,23968,1
9901,23969,1
9902,23970,1
9903,23971,1
9904,23972,1
9905,23973,1
9906,23974,1
9907,23975,1
9908,23976,1
9909,23977,1
9910,23978,1
9911,23979,1
9912,23980,1
9913,23981,1
9914,23982,1
9915,23983,1
9916,23984,1
9917,23985,1
9918,23986,1
9919,23987,1
9920,23988,1
9921,23989,1
9922,23990,1
9923,23991,1
9924,23992,1
9925,23993,1
9926,23994,1
9927,23995,1
9928,23996,1
9929,23997,1
9930,23998,1
9931,23999,1
9932,24000,1
9933,24001,1
9934,24002,1
9935,24003,1
9936,24004,1
9937,24005,1
9938,24006,1
9939,24007,1
9940,24008,1
9941,24009,1
9942,24010,1
9943,24011,1
9944,24012,1
9945,24013,1
9946,24014,1
9947,24015,1
9948,24016,1
9949,24017,1
9950,24018,1
9951,24019,1
9952,24020,1
9953,24021,1
9954,24022,1
9955,24023,1
9956,24024,1
9957,24025,1
9958,24026,1
9959,24027,1
9960,24028,1
9961,24029,1
9962,24030,1
9963,24031,1
9964,24032,1
9965,24033,1
9966,24034,1
9967,24035,1
9968,24036,1
9969,24037,1
9970,24038,1
9971,24039,1
9972,24040,1
9973,24041,1
9974,24042,1
9975,24043,1
9976,24044,1
9977,24045,1
9978,24046,1
9979,24047,1
9980,24048,1
9981,24049,1
9982,24050,1
9983,24051,1
9984,24052,1
9985,24053,1
9986,24054,1
9987,24055,1
9988,24056,1
9989,24057,1
9990,24058,1
9991,24059,1
9992,24060,1
9993,24061,1
9994,24062,1
9995,24063,1
9996,24064,1
9997,24065,1
9998,24066,1
9999,24067,1
10000,24068,1
10001,24069,1
10002,24070,1
10003,24071,1
10004,24072,1
10005,24073,1
10006,24074,1
10007,24075,1
10008,24076,1
10009,24077,1
10010,24078,1
10011,24079,1
10012,24080,1
10013,24081,1
10014,24082,1
10015,24083,1
10016,24084,1
10017,24085,1
10018,24086,1
10019,24087,1
10020,24088,1
10021,24089,1
10022,24090,1
10023,24091,1
10024,24092,1
10025,24093,1
10026,24094,1
10027,24095,1
10028,24096,1
10029,24097,1
10030,24098,1
10031,24099,1
10032,24100,1
10033,24101,1
10034,24102,1
10035,24103,1
10036,24104,1
10037,24105,1
10038,24106,1
10039,24107,1
10040,24108,1
10041,24109,1
10042,24110,1
10043,24111,1
10044,24112,1
10045,24113,1
10046,24114,1
10047,24115,1
10048,24116,1
10049,24117,1
10050,24118,1
10051,24119,1
10052,24120,1
10053,24121,1
10054,24122,1
10055,24123,1
10056,24124,1
10057,24125,1
10058,24126,1
10059,24127,1
10060,24128,1
10061,24129,1
10062,24130,1
10063,24131,1
10064,24132,1
10065,24133,1
10066,24134,1
10067,24135,1
10068,24136,1
10069,24137,1
10070,24138,1
10071,24139,1
10072,24140,1
10073,24141,1
10074,24142,1
10075,24143,1
10076,24144,1
10077,24145,1
10078,24146,1
10079,24147,1
10080,24148,1
10081,24149,1
10082,24150,1
10083,24151,1
10084,24152,1
10085,24153,1
10086,24154,1
10087,24155,1
10088,24156,1
10089,24157,1
10090,24158,1
10091,24159,1
10092,24160,1
10093,24161,1
10094,24162,1
10095,24163,1
10096,24164,1
10097,24165,1
10098,24166,1
10099,24167,1
10100,24168,1
10101,24169,1
10102,24170,1
10103,24171,1
10104,24172,1
10105,24173,1
10106,24174,1
10107,24175,1
10108,24176,1
10109,24177,1
10110,24178,1
10111,24179,1
10112,24180,1
10113,24181,1
10114,24182,1
10115,24183,1
10116,24184,1
10117,24185,1
10118,24186,1
10119,24187,1
10120,24188,1
10121,24189,1
10122,24190,1
10123,24191,1
10124,24192,1
10125,24193,1
10126,24194,1
10127,24195,1
10128,24196,1
10129,24197,1
10130,24198,1
10131,24199,1
10132,24200,1
10133,24201,1
10134,24202,1
10135,24203,1
10136,24204,1
10137,24205,1
10138,24206,1
10139,24207,1
10140,24208,1
10141,24209,1
10142,24210,1
10143,24211,1
10144,24212,1
10145,24213,1
10146,24214,1
10147,24215,1
10148,24216,1
10149,24217,1
10150,24218,1
10151,24219,1
10152,24220,1
10153,24221,1
10154,24222,1
10155,24223,1
10156,24224,1
10157,24225,1
10158,24226,1
10159,24227,1
10160,24228,1
10161,24229,1
10162,24230,1
10163,24231,1
10164,24232,1
10165,24233,1
10166,24234,1
10167,24235,1
10168,24236,1
10169,24237,1
10170,24238,1
10171,24239,1
10172,24240,1
10173,24241,1
10174,24242,1
10175,24243,1
10176,24244,1
10177,24245,1
10178,24246,1
10179,24247,1
10180,24248,1
10181,24249,1
10182,24250,1
10183,24251,1
10184,24252,1
10185,24253,1
10186,24254,1
10187,24255,1
10188,24256,1
10189,24257,1
10190,24258,1
10191,24259,1
10192,24260,1
10193,24261,1
10194,24262,1
10195,24263,1
10196,24264,1
10197,24265,1
10198,24266,1
10199,24267,1
10200,24268,1
10201,24269,1
10202,24270,1
10203,24271,1
10204,24272,1
10205,24273,1
10206,24274,1
10207,24275,1
10208,24276,1
10209,24277,1
10210,24278,1
10211,24279,1
10212,24280,1
10213,24281,1
10214,24282,1
10215,24283,1
10216,24284,1
10217,24285,1
10218,24286,1
10219,24287,1
10220,24288,1
10221,24289,1
10222,24290,1
10223,24291,1
10224,24292,1
10225,24293,1
10226,24294,1
10227,24295,1
10228,24296,1
10229,24297,1
10230,24298,1
10231,24299,1
10232,24300,1
10233,24301,1
10234,24302,1
10235,24303,1
10236,24304,1
10237,24305,1
10238,24306,1
10239,24307,1
10240,24308,1
10241,24309,1
10242,24310,1
10243,24311,1
10244,24312,1
10245,24313,1
10246,24314,1
10247,24315,1
10248,24316,1
10249,24317,1
10250,24318,1
10251,24319,1
10252,24320,1
10253,24321,1
10254,24322,1
10255,24323,1
10256,24324,1
10257,24325,1
10258,24326,1
10259,24327,1
10260,24328,1
10261,24329,1
10262,24330,1
10263,24331,1
10264,24332,1
10265,24333,1
10266,24334,1
10267,24335,1
10268,24336,1
10269,24337,1
10270,24338,1
10271,24339,1
10272,24340,1
10273,24341,1
10274,24342,1
10275,24343,1
10276,24344,1
10277,24345,1
10278,24346,1
10279,24347,1
10280,24348,1
10281,24349,1
10282,24350,1
10283,24351,1
10284,24352,1
10285,24353,1
10286,24354,1
10287,24355,1
10288,24356,1
10289,24357,1
10290,24358,1
10291,24359,1
10292,24360,1
10293,24361,1
10294,24362,1
10295,24363,1
10296,24364,1
10297,24365,1
10298,24366,1
10299,24367,1
10300,24368,1
10301,24369,1
10302,24370,1
10303,24371,1
10304,24372,1
10305,24373,1
10306,24374,1
10307,24375,1
10308,24376,1
10309,24377,1
10310,24378,1
10311,24379,1
10312,24380,1
10313,24381,1
10314,24382,1
10315,24383,1
10316,24384,1
10317,24385,1
10318,24386,1
10319,24387,1
10320,24388,1
10321,24389,1
10322,24390,1
10323,24391,1
10324,24392,1
10325,24393,1
10326,24394,1
10327,24395,1
10328,24396,1
10329,24397,1
10330,24398,1
10331,24399,1
10332,24400,1
10333,24401,1
10334,24402,1
10335,24403,1
10336,24404,1
10337,24405,1
10338,24406,1
10339,24407,1
10340,24408,1
10341,24409,1
10342,24410,1
10343,24411,1
10344,24412,1
10345,24413,1
10346,24414,1
10347,24415,1
10348,24416,1
10349,24417,1
10350,24418,1
10351,24419,1
10352,24420,1
10353,24421,1
10354,24422,1
10355,24423,1
10356,24424,1
10357,24425,1
10358,24426,1
10359,24427,1
10360,24428,1
10361,24429,1
10362,24430,1
10363,24431,1
10364,24432,1
10365,24433,1
10366,24434,1
10367,24435,1
10368,24436,1
10369,24437,1
10370,24438,1
10371,24439,1
10372,24440,1
10373,24441,1
10374,24442,1
10375,24443,1
10376,24444,1
10377,24445,1
10378,24446,1
10379,24447,1
10380,24448,1
10381,24449,1
10382,24450,1
10383,24451,1
10384,24452,1
10385,24453,1
10386,24454,1
10387,24455,1
10388,24456,1
10389,24457,1
10390,24458,1
10391,24459,1
10392,24460,1
10393,24461,1
10394,24462,1
10395,24463,1
10396,24464,1
10397,24465,1
10398,24466,1
10399,24467,1
10400,24468,1
10401,24469,1
10402,24470,1
10403,24471,1
10404,24472,1
10405,24473,1
10406,24474,1
10407,24475,1
10408,24476,1
10409,24477,1
10410,24478,1
10411,24479,1
10412,24480,1
10413,24481,1
10414,24482,1
10415,24483,1
10416,24484,1
10417,24485,1
10418,24486,1
10419,24487,1
10420,24488,1
10421,24489,1
10422,24490,1
10423,24491,1
10424,24492,1
10425,24493,1
10426,24494,1
10427,24495,1
10428,24496,1
10429,24497,1
10430,24498,1
10431,24499,1
10432,24500,1
10433,24501,1
10434,24502,1
10435,24503,1
10436,24504,1
10437,24505,1
10438,24506,1
10439,24507,1
10440,24508,1
10441,24509,1
10442,24510,1
10443,24511,1
10444,24512,1
10445,24513,1
10446,24514,1
10447,24515,1
10448,24516,1
10449,24517,1
10450,24518,1
10451,24519,1
10452,24520,1
10453,24521,1
10454,24522,1
10455,24523,1
10456,24524,1
10457,24525,1
10458,24526,1
10459,24527,1
10460,24528,1
10461,24529,1
10462,24530,1
10463,24531,1
10464,24532,1
10465,24533,1
10466,24534,1
10467,24535,1
10468,24536,1
10469,24537,1
10470,24538,1
10471,24539,1
10472,24540,1
10473,24541,1
10474,24542,1
10475,24543,1
10476,24544,1
10477,24545,1
10478,24546,1
10479,24547,1
10480,24548,1
10481,24549,1
10482,24550,1
10483,24551,1
10484,24552,1
10485,24553,1
10486,24554,1
10487,24555,1
10488,24556,1
10489,24557,1
10490,24558,1
10491,24559,1
10492,24560,1
10493,24561,1
10494,24562,1
10495,24563,1
10496,24564,1
10497,24565,1
10498,24566,1
10499,24567,1
10500,24568,1
10501,24569,1
10502,24570,1
10503,24571,1
10504,24572,1
10505,24573,1
10506,24574,1
10507,24575,1
10508,24576,1
10509,24577,1
10510,24578,1
10511,24579,1
10512,24580,1
10513,24581,1
10514,24582,1
10515,24583,1
10516,24584,1
10517,24585,1
10518,24586,1
10519,24587,1
10520,24588,1
10521,24589,1
10522,24590,1
10523,24591,1
10524,24592,1
10525,24593,1
10526,24594,1
10527,24595,1
10528,24596,1
10529,24597,1
10530,24598,1
10531,24599,1
10532,24600,1
10533,24601,1
10534,24602,1
10535,24603,1
10536,24604,1
10537,24605,1
10538,24606,1
10539,24607,1
10540,24608,1
10541,24609,1
10542,24610,1
10543,24611,1
10544,24612,1
10545,24613,1
10546,24614,1
10547,24615,1
10548,24616,1
10549,24617,1
10550,24618,1
10551,24619,1
10552,24620,1
10553,24621,1
10554,24622,1
10555,24623,1
10556,24624,1
10557,24625,1
10558,24626,1
10559,24627,1
10560,24628,1
10561,24629,1
10562,24630,1
10563,24631,1
10564,24632,1
10565,24633,1
10566,24634,1
10567,24635,1
10568,24636,1
10569,24637,1
10570,24638,1
10571,24639,1
10572,24640,1
10573,24641,1
10574,24642,1
10575,24643,1
10576,24644,1
10577,24645,1
10578,24646,1
10579,24647,1
10580,24648,1
10581,24649,1
10582,24650,1
10583,24651,1
10584,24652,1
10585,24653,1
10586,24654,1
10587,24655,1
10588,24656,1
10589,24657,1
10590,24658,1
10591,24659,1
10592,24660,1
10593,24661,1
10594,24662,1
10595,24663,1
10596,24664,1
10597,24665,1
10598,24666,1
10599,24667,1
10600,24668,1
10601,24669,1
10602,24670,1
10603,24671,1
10604,24672,1
10605,24673,1
10606,24674,1
10607,24675,1
10608,24676,1
10609,24677,1
10610,24678,1
10611,24679,1
10612,24680,1
10613,24681,1
10614,24682,1
10615,24683,1
10616,24684,1
10617,24685,1
10618,24686,1
10619,24687,1
10620,24688,1
10621,24689,1
10622,24690,1
10623,24691,1
10624,24692,1
10625,24693,1
10626,24694,1
10627,24695,1
10628,24696,1
10629,24697,1
10630,24698,1
10631,24699,1
10632,24700,1
10633,24701,1
10634,24702,1
10635,24703,1
10636,24704,1
10637,24705,1
10638,24706,1
10639,24707,1
10640,24708,1
10641,24709,1
10642,24710,1
10643,24711,1
10644,24712,1
10645,24713,1
10646,24714,1
10647,24715,1
10648,24716,1
10649,24717,1
10650,24718,1
10651,24719,1
10652,24720,1
10653,24721,1
10654,24722,1
10655,24723,1
10656,24724,1
10657,24725,1
10658,24726,1
10659,24727,1
10660,24728,1
10661,24729,1
10662,24730,1
10663,24731,1
10664,24732,1
10665,24733,1
10666,24734,1
10667,24735,1
10668,24736,1
10669,24737,1
10670,24738,1
10671,24739,1
10672,24740,1
10673,24741,1
10674,24742,1
10675,24743,1
10676,24744,1
10677,24745,1
10678,24746,1
10679,24747,1
10680,24748,1
10681,24749,1
10682,24750,1
10683,24751,1
10684,24752,1
10685,24753,1
10686,24754,1
10687,24755,1
10688,24756,1
10689,24757,1
10690,24758,1
10691,24759,1
10692,24760,1
10693,24761,1
10694,24762,1
10695,24763,1
10696,24764,1
10697,24765,1
10698,24766,1
10699,24767,1
10700,24768,1
10701,24769,1
10702,24770,1
10703,24771,1
10704,24772,1
10705,24773,1
10706,24774,1
10707,24775,1
10708,24776,1
10709,24777,1
10710,24778,1
10711,24779,1
10712,24780,1
10713,24781,1
10714,24782,1
10715,24783,1
10716,24784,1
10717,24785,1
10718,24786,1
10719,24787,1
10720,24788,1
10721,24789,1
10722,24790,1
10723,24791,1
10724,24792,1
10725,24793,1
10726,24794,1
10727,24795,1
10728,24796,1
10729,24797,1
10730,24798,1
10731,24799,1
10732,24800,1
10733,24801,1
10734,24802,1
10735,24803,1
10736,24804,1
10737,24805,1
10738,24806,1
10739,24807,1
10740,24808,1
10741,24809,1
10742,24810,1
10743,24811,1
10744,24812,1
10745,24813,1
10746,24814,1
10747,24815,1
10748,24816,1
10749,24817,1
10750,24818,1
10751,24819,1
10752,24820,1
10753,24821,1
10754,24822,1
10755,24823,1
10756,24824,1
10757,24825,1
10758,24826,1
10759,24827,1
10760,24828,1
10761,24829,1
10762,24830,1
10763,24831,1
10764,24832,1
10765,24833,1
10766,24834,1
10767,24835,1
10768,24836,1
10769,24837,1
10770,24838,1
10771,24839,1
10772,24840,1
10773,24841,1
10774,24842,1
10775,24843,1
10776,24844,1
10777,24845,1
10778,24846,1
10779,24847,1
10780,24848,1
10781,24849,1
10782,24850,1
10783,24851,1
10784,24852,1
10785,24853,1
10786,24854,1
10787,24855,1
10788,24856,1
10789,24857,1
10790,24858,1
10791,24859,1
10792,24860,1
10793,24861,1
10794,24862,1
10795,24863,1
10796,24864,1
10797,24865,1
10798,24866,1
10799,24867,1
10800,24868,1
10801,24869,1
10802,24870,1
10803,24871,1
10804,24872,1
10805,24873,1
10806,24874,1
10807,24875,1
10808,24876,1
10809,24877,1
10810,24878,1
10811,24879,1
10812,24880,1
10813,24881,1
10814,24882,1
10815,24883,1
10816,24884,1
10817,24885,1
10818,24886,1
10819,24887,1
10820,24888,1
10821,24889,1
10822,24890,1
10823,24891,1
10824,24892,1
10825,24893,1
10826,24894,1
10827,24895,1
10828,24896,1
10829,24897,1
10830,24898,1
10831,24899,1
10832,24900,1
10833,24901,1
10834,24902,1
10835,24903,1
10836,24904,1
10837,24905,1
10838,24906,1
10839,24907,1
10840,24908,1
10841,24909,1
10842,24910,1
10843,24911,1
10844,24912,1
10845,24913,1
10846,24914,1
10847,24915,1
10848,24916,1
10849,24917,1
10850,24918,1
10851,24919,1
10852,24920,1
10853,24921,1
10854,24922,1
10855,24923,1
10856,24924,1
10857,24925,1
10858,24926,1
10859,24927,1
10860,24928,1
10861,24929,1
10862,24930,1
10863,24931,1
10864,24932,1
10865,24933,1
10866,24934,1
10867,24935,1
10868,24936,1
10869,24937,1
10870,24938,1
10871,24939,1
10872,24940,1
10873,24941,1
10874,24942,1
10875,24943,1
10876,24944,1
10877,24945,1
10878,24946,1
10879,24947,1
10880,24948,1
10881,24949,1
10882,24950,1
10883,24951,1
10884,24952,1
10885,24953,1
10886,24954,1
10887,24955,1
10888,24956,1
10889,24957,1
10890,24958,1
10891,24959,1
10892,24960,1
10893,24961,1
10894,24962,1
10895,24963,1
10896,24964,1
10897,24965,1
10898,24966,1
10899,24967,1
10900,24968,1
10901,24969,1
10902,24970,1
10903,24971,1
10904,24972,1
10905,24973,1
10906,24974,1
10907,24975,1
10908,24976,1
10909,24977,1
10910,24978,1
10911,24979,1
10912,24980,1
10913,24981,1
10914,24982,1
10915,24983,1
10916,24984,1
10917,24985,1
10918,24986,1
10919,24987,1
10920,24988,1
10921,24989,1
10922,24990,1
10923,24991,1
10924,24992,1
10925,24993,1
10926,24994,1
10927,24995,1
10928,24996,1
10929,24997,1
10930,24998,1
10931,24999,1
10932,25000,1
10933,25001,1
10934,25002,1
10935,25003,1
10936,25004,1
10937,25005,1
10938,25006,1
10939,25007,1
10940,25008,1
10941,25009,1
10942,25010,1
10943,25011,1
10944,25012,1
10945,25013,1
10946,25014,1
10947,25015,1
10948,25016,1
10949,25017,1
10950,25018,1
10951,25019,1
10952,25020,1
10953,25021,1
10954,25022,1
10955,25023,1
10956,25024,1
10957,25025,1
10958,25026,1
10959,25027,1
10960,25028,1
10961,25029,1
10962,25030,1
10963,25031,1
10964,25032,1
10965,25033,1
10966,25034,1
10967,25035,1
10968,25036,1
10969,25037,1
10970,25038,1
10971,25039,1
10972,25040,1
10973,25041,1
10974,25042,1
10975,25043,1
10976,25044,1
10977,25045,1
10978,25046,1
10979,25047,1
10980,25048,1
10981,25049,1
10982,25050,1
10983,25051,1
10984,25052,1
10985,25053,1
10986,25054,1
10987,25055,1
10988,25056,1
10989,25057,1
10990,25058,1
10991,25059,1
10992,25060,1
10993,25061,1
10994,25062,1
10995,25063,1
10996,25064,1
10997,25065,1
10998,25066,1
10999,25067,1
11000,25068,1
11001,25069,1
11002,25070,1
11003,25071,1
11004,25072,1
11005,25073,1
11006,25074,1
11007,25075,1
11008,25076,1
11009,25077,1
11010,25078,1
11011,25079,1
11012,25080,1
11013,25081,1
11014,25082,1
11015,25083,1
11016,25084,1
11017,25085,1
11018,25086,1
11019,25087,1
11020,25088,1
11021,25089,1
11022,25090,1
11023,25091,1
11024,25092,1
11025,25093,1
11026,25094,1
11027,25095,1
11028,25096,1
11029,25097,1
11030,25098,1
11031,25099,1
11032,25100,1
11033,25101,1
11034,25102,1
11035,25103,1
11036,25104,1
11037,25105,1
11038,25106,1
11039,25107,1
11040,25108,1
11041,25109,1
11042,25110,1
11043,25111,1
11044,25112,1
11045,25113,1
11046,25114,1
11047,25115,1
11048,25116,1
11049,25117,1
11050,25118,1
11051,25119,1
11052,25120,1
11053,25121,1
11054,25122,1
11055,25123,1
11056,25124,1
11057,25125,1
11058,25126,1
11059,25127,1
11060,25128,1
11061,25129,1
11062,25130,1
11063,25131,1
11064,25132,1
11065,25133,1
11066,25134,1
11067,25135,1
11068,25136,1
11069,25137,1
11070,25138,1
11071,25139,1
11072,25140,1
11073,25141,1
11074,25142,1
11075,25143,1
11076,25144,1
11077,25145,1
11078,25146,1
11079,25147,1
11080,25148,1
11081,25149,1
11082,25150,1
11083,25151,1
11084,25152,1
11085,25153,1
11086,25154,1
11087,25155,1
11088,25156,1
11089,25157,1
11090,25158,1
11091,25159,1
11092,25160,1
11093,25161,1
11094,25162,1
11095,25163,1
11096,25164,1
11097,25165,1
11098,25166,1
11099,25167,1
11100,25168,1
11101,25169,1
11102,25170,1
11103,25171,1
11104,25172,1
11105,25173,1
11106,25174,1
11107,25175,1
11108,25176,1
11109,25177,1
11110,25178,1
11111,25179,1
11112,25180,1
11113,25181,1
11114,25182,1
11115,25183,1
11116,25184,1
11117,25185,1
11118,25186,1
11119,25187,1
11120,25188,1
11121,25189,1
11122,25190,1
11123,25191,1
11124,25192,1
11125,25193,1
11126,25194,1
11127,25195,1
11128,25196,1
11129,25197,1
11130,25198,1
11131,25199,1
11132,25200,1
11133,25201,1
11134,25202,1
11135,25203,1
11136,25204,1
11137,25205,1
11138,25206,1
11139,25207,1
11140,25208,1
11141,25209,1
11142,25210,1
11143,25211,1
11144,25212,1
11145,25213,1
11146,25214,1
11147,25215,1
11148,25216,1
11149,25217,1
11150,25218,1
11151,25219,1
11152,25220,1
11153,25221,1
11154,25222,1
11155,25223,1
11156,25224,1
11157,25225,1
11158,25226,1
11159,25227,1
11160,25228,1
11161,25229,1
11162,25230,1
11163,25231,1
11164,25232,1
11165,25233,1
11166,25234,1
11167,25235,1
11168,25236,1
11169,25237,1
11170,25238,1
11171,25239,1
11172,25240,1
11173,25241,1
11174,25242,1
11175,25243,1
11176,25244,1
11177,25245,1
11178,25246,1
11179,25247,1
11180,25248,1
11181,25249,1
11182,25250,1
11183,25251,1
11184,25252,1
11185,25253,1
11186,25254,1
11187,25255,1
11188,25256,1
11189,25257,1
11190,25258,1
11191,25259,1
11192,25260,1
11193,25261,1
11194,25262,1
11195,25263,1
11196,25264,1
11197,25265,1
11198,25266,1
11199,25267,1
11200,25268,1
11201,25269,1
11202,25270,1
11203,25271,1
11204,25272,1
11205,25273,1
11206,25274,1
11207,25275,1
11208,25276,1
11209,25277,1
11210,25278,1
11211,25279,1
11212,25280,1
11213,25281,1
11214,25282,1
11215,25283,1
11216,25284,1
11217,25285,1
11218,25286,1
11219,25287,1
11220,25288,1
11221,25289,1
11222,25290,1
11223,25291,1
11224,25292,1
11225,25293,1
11226,25294,1
11227,25295,1
11228,25296,1
11229,25297,1
11230,25298,1
11231,25299,1
11232,25300,1
11233,25301,1
11234,25302,1
11235,25303,1
11236,25304,1
11237,25305,1
11238,25306,1
11239,25307,1
11240,25308,1
11241,25309,1
11242,25310,1
11243,25311,1
11244,25312,1
11245,25313,1
11246,25314,1
11247,25315,1
11248,25316,1
11249,25317,1
11250,25318,1
11251,25319,1
11252,25320,1
11253,25321,1
11254,25322,1
11255,25323,1
11256,25324,1
11257,25325,1
11258,25326,1
11259,25327,1
11260,25328,1
11261,25329,1
11262,25330,1
11263,25331,1
11264,25332,1
11265,25333,1
11266,25334,1
11267,25335,1
11268,25336,1
11269,25337,1
11270,25338,1
11271,25339,1
11272,25340,1
11273,25341,1
11274,25342,1
11275,25343,1
11276,25344,1
11277,25345,1
11278,25346,1
11279,25347,1
11280,25348,1
11281,25349,1
11282,25350,1
11283,25351,1
11284,25352,1
11285,25353,1
11286,25354,1
11287,25355,1
11288,25356,1
11289,25357,1
11290,25358,1
11291,25359,1
11292,25360,1
11293,25361,1
11294,25362,1
11295,25363,1
11296,25364,1
11297,25365,1
11298,25366,1
11299,25367,1
11300,25368,1
11301,25369,1
11302,25370,1
11303,25371,1
11304,25372,1
11305,25373,1
11306,25374,1
11307,25375,1
11308,25376,1
11309,25377,1
11310,25378,1
11311,25379,1
11312,25380,1
11313,25381,1
11314,25382,1
11315,25383,1
11316,25384,1
11317,25385,1
11318,25386,1
11319,25387,1
11320,25388,1
11321,25389,1
11322,25390,1
11323,25391,1
11324,25392,1
11325,25393,1
11326,25394,1
11327,25395,1
11328,25396,1
11329,25397,1
11330,25398,1
11331,25399,1
11332,25400,1
11333,25401,1
11334,25402,1
11335,25403,1
11336,25404,1
11337,25405,1
11338,25406,1
11339,25407,1
11340,25408,1
11341,25409,1
11342,25410,1
11343,25411,1
11344,25412,1
11345,25413,1
11346,25414,1
11347,25415,1
11348,25416,1
11349,25417,1
11350,25418,1
11351,25419,1
11352,25420,1
11353,25421,1
11354,25422,1
11355,25423,1
11356,25424,1
11357,25425,1
11358,25426,1
11359,25427,1
11360,25428,1
11361,25429,1
11362,25430,1
11363,25431,1
11364,25432,1
11365,25433,1
11366,25434,1
11367,25435,1
11368,25436,1
11369,25437,1
11370,25438,1
11371,25439,1
11372,25440,1
11373,25441,1
11374,25442,1
11375,25443,1
11376,25444,1
11377,25445,1
11378,25446,1
11379,25447,1
11380,25448,1
11381,25449,1
11382,25450,1
11383,25451,1
11384,25452,1
11385,25453,1
11386,25454,1
11387,25455,1
11388,25456,1
11389,25457,1
11390,25458,1
11391,25459,1
11392,25460,1
11393,25461,1
11394,25462,1
11395,25463,1
11396,25464,1
11397,25465,1
11398,25466,1
11399,25467,1
11400,25468,1
11401,25469,1
11402,25470,1
11403,25471,1
11404,25472,1
11405,25473,1
11406,25474,1
11407,25475,1
11408,25476,1
11409,25477,1
11410,25478,1
11411,25479,1
11412,25480,1
11413,25481,1
11414,25482,1
11415,25483,1
11416,25484,1
11417,25485,1
11418,25486,1
11419,25487,1
11420,25488,1
11421,25489,1
11422,25490,1
11423,25491,1
11424,25492,1
11425,25493,1
11426,25494,1
11427,25495,1
11428,25496,1
11429,25497,1
11430,25498,1
11431,25499,1
11432,25500,1
11433,25501,1
11434,25502,1
11435,25503,1
11436,25504,1
11437,25505,1
11438,25506,1
11439,25507,1
11440,25508,1
11441,25509,1
11442,25510,1
11443,25511,1
11444,25512,1
11445,25513,1
11446,25514,1
11447,25515,1
11448,25516,1
11449,25517,1
11450,25518,1
11451,25519,1
11452,25520,1
11453,25521,1
11454,25522,1
11455,25523,1
11456,25524,1
11457,25525,1
11458,25526,1
11459,25527,1
11460,25528,1
11461,25529,1
11462,25530,1
11463,25531,1
11464,25532,1
11465,25533,1
11466,25534,1
11467,25535,1
11468,25536,1
11469,25537,1
11470,25538,1
11471,25539,1
11472,25540,1
11473,25541,1
11474,25542,1
11475,25543,1
11476,25544,1
11477,25545,1
11478,25546,1
11479,25547,1
11480,25548,1
11481,25549,1
11482,25550,1
11483,25551,1
11484,25552,1
11485,25553,1
11486,25554,1
11487,25555,1
11488,25556,1
11489,25557,1
11490,25558,1
11491,25559,1
11492,25560,1
11493,25561,1
11494,25562,1
11495,25563,1
11496,25564,1
11497,25565,1
11498,25566,1
11499,25567,1
11500,25568,1
11501,25569,1
11502,25570,1
11503,25571,1
11504,25572,1
11505,25573,1
11506,25574,1
11507,25575,1
11508,25576,1
11509,25577,1
11510,25578,1
11511,25579,1
11512,25580,1
11513,25581,1
11514,25582,1
11515,25583,1
11516,25584,1
11517,25585,1
11518,25586,1
11519,25587,1
11520,25588,1
11521,25589,1
11522,25590,1
11523,25591,1
11524,25592,1
11525,25593,1
11526,25594,1
11527,25595,1
11528,25596,1
11529,25597,1
11530,25598,1
11531,25599,1
11532,25600,1
11533,25601,1
11534,25602,1
11535,25603,1
11536,25604,1
11537,25605,1
11538,25606,1
11539,25607,1
11540,25608,1
11541,25609,1
11542,25610,1
11543,25611,1
11544,25612,1
11545,25613,1
11546,25614,1
11547,25615,1
11548,25616,1
11549,25617,1
11550,25618,1
11551,25619,1
11552,25620,1
11553,25621,1
11554,25622,1
11555,25623,1
11556,25624,1
11557,25625,1
11558,25626,1
11559,25627,1
11560,25628,1
11561,25629,1
11562,25630,1
11563,25631,1
11564,25632,1
11565,25633,1
11566,25634,1
11567,25635,1
11568,25636,1
11569,25637,1
11570,25638,1
11571,25639,1
11572,25640,1
11573,25641,1
11574,25642,1
11575,25643,1
11576,25644,1
11577,25645,1
11578,25646,1
11579,25647,1
11580,25648,1
11581,25649,1
11582,25650,1
11583,25651,1
11584,25652,1
11585,25653,1
11586,25654,1
11587,25655,1
11588,25656,1
11589,25657,1
11590,25658,1
11591,25659,1
11592,25660,1
11593,25661,1
11594,25662,1
11595,25663,1
11596,25664,1
11597,25665,1
11598,25666,1
11599,25667,1
11600,25668,1
11601,25669,1
11602,25670,1
11603,25671,1
11604,25672,1
11605,25673,1
11606,25674,1
11607,25675,1
11608,25676,1
11609,25677,1
11610,25678,1
11611,25679,1
11612,25680,1
11613,25681,1
11614,25682,1
11615,25683,1
11616,25684,1
11617,25685,1
11618,25686,1
11619,25687,1
11620,25688,1
11621,25689,1
11622,25690,1
11623,25691,1
11624,25692,1
11625,25693,1
11626,25694,1
11627,25695,1
11628,25696,1
11629,25697,1
11630,25698,1
11631,25699,1
11632,25700,1
11633,25701,1
11634,25702,1
11635,25703,1
11636,25704,1
11637,25705,1
11638,25706,1
11639,25707,1
11640,25708,1
11641,25709,1
11642,25710,1
11643,25711,1
11644,25712,1
11645,25713,1
11646,25714,1
11647,25715,1
11648,25716,1
11649,25717,1
11650,25718,1
11651,25719,1
11652,25720,1
11653,25721,1
11654,25722,1
11655,25723,1
11656,25724,1
11657,25725,1
11658,25726,1
11659,25727,1
11660,25728,1
11661,25729,1
11662,25730,1
11663,25731,1
11664,25732,1
11665,25733,1
11666,25734,1
11667,25735,1
11668,25736,1
11669,25737,1
11670,25738,1
11671,25739,1
11672,25740,1
11673,25741,1
11674,25742,1
11675,25743,1
11676,25744,1
11677,25745,1
11678,25746,1
11679,25747,1
11680,25748,1
11681,25749,1
11682,25750,1
11683,25751,1
11684,25752,1
11685,25753,1
11686,25754,1
11687,25755,1
11688,25756,1
11689,25757,1
11690,25758,1
11691,25759,1
11692,25760,1
11693,25761,1
11694,25762,1
11695,25763,1
11696,25764,1
11697,25765,1
11698,25766,1
11699,25767,1
11700,25768,1
11701,25769,1
11702,25770,1
11703,25771,1
11704,25772,1
11705,25773,1
11706,25774,1
11707,25775,1
11708,25776,1
11709,25777,1
11710,25778,1
11711,25779,1
11712,25780,1
11713,25781,1
11714,25782,1
11715,25783,1
11716,25784,1
11717,25785,1
11718,25786,1
11719,25787,1
11720,25788,1
11721,25789,1
11722,25790,1
11723,25791,1
11724,25792,1
11725,25793,1
11726,25794,1
11727,25795,1
11728,25796,1
11729,25797,1
11730,25798,1
11731,25799,1
11732,25800,1
11733,25801,1
11734,25802,1
11735,25803,1
11736,25804,1
11737,25805,1
11738,25806,1
11739,25807,1
11740,25808,1
11741,25809,1
11742,25810,1
11743,25811,1
11744,25812,1
11745,25813,1
11746,25814,1
11747,25815,1
11748,25816,1
11749,25817,1
11750,25818,1
11751,25819,1
11752,25820,1
11753,25821,1
11754,25822,1
11755,25823,1
11756,25824,1
11757,25825,1
11758,25826,1
11759,25827,1
11760,25828,1
11761,25829,1
11762,25830,1
11763,25831,1
11764,25832,1
11765,25833,1
11766,25834,1
11767,25835,1
11768,25836,1
11769,25837,1
11770,25838,1
11771,25839,1
11772,25840,1
11773,25841,1
11774,25842,1
11775,25843,1
11776,25844,1
11777,25845,1
11778,25846,1
11779,25847,1
11780,25848,1
11781,25849,1
11782,25850,1
11783,25851,1
11784,25852,1
11785,25853,1
11786,25854,1
11787,25855,1
11788,25856,1
11789,25857,1
11790,25858,1
11791,25859,1
11792,25860,1
11793,25861,1
11794,25862,1
11795,25863,1
11796,25864,1
11797,25865,1
11798,25866,1
11799,25867,1
11800,25868,1
11801,25869,1
11802,25870,1
11803,25871,1
11804,25872,1
11805,25873,1
11806,25874,1
11807,25875,1
11808,25876,1
11809,25877,1
11810,25878,1
11811,25879,1
11812,25880,1
11813,25881,1
11814,25882,1
11815,25883,1
11816,25884,1
11817,25885,1
11818,25886,1
11819,25887,1
11820,25888,1
11821,25889,1
11822,25890,1
11823,25891,1
11824,25892,1
11825,25893,1
11826,25894,1
11827,25895,1
11828,25896,1
11829,25897,1
11830,25898,1
11831,25899,1
11832,25900,1
11833,25901,1
11834,25902,1
11835,25903,1
11836,25904,1
11837,25905,1
11838,25906,1
11839,25907,1
11840,25908,1
11841,25909,1
11842,25910,1
11843,25911,1
11844,25912,1
11845,25913,1
11846,25914,1
11847,25915,1
11848,25916,1
11849,25917,1
11850,25918,1
11851,25919,1
11852,25920,1
11853,25921,1
11854,25922,1
11855,25923,1
11856,25924,1
11857,25925,1
11858,25926,1
11859,25927,1
11860,25928,1
11861,25929,1
11862,25930,1
11863,25931,1
11864,25932,1
11865,25933,1
11866,25934,1
11867,25935,1
11868,25936,1
11869,25937,1
11870,25938,1
11871,25939,1
11872,25940,1
11873,25941,1
11874,25942,1
11875,25943,1
11876,25944,1
11877,25945,1
11878,25946,1
11879,25947,1
11880,25948,1
11881,25949,1
11882,25950,1
11883,25951,1
11884,25952,1
11885,25953,1
11886,25954,1
11887,25955,1
11888,25956,1
11889,25957,1
11890,25958,1
11891,25959,1
11892,25960,1
11893,25961,1
11894,25962,1
11895,25963,1
11896,25964,1
11897,25965,1
11898,25966,1
11899,25967,1
11900,25968,1
11901,25969,1
11902,25970,1
11903,25971,1
11904,25972,1
11905,25973,1
11906,25974,1
11907,25975,1
11908,25976,1
11909,25977,1
11910,25978,1
11911,25979,1
11912,25980,1
11913,25981,1
11914,25982,1
11915,25983,1
11916,25984,1
11917,25985,1
11918,25986,1
11919,25987,1
11920,25988,1
11921,25989,1
11922,25990,1
11923,25991,1
11924,25992,1
11925,25993,1
11926,25994,1
11927,25995,1
11928,25996,1
11929,25997,1
11930,25998,1
11931,25999,1
11932,26000,1
11933,26001,1
11934,26002,1
11935,26003,1
11936,26004,1
11937,26005,1
11938,26006,1
11939,26007,1
11940,26008,1
11941,26009,1
11942,26010,1
11943,26011,1
11944,26012,1
11945,26013,1
11946,26014,1
11947,26015,1
11948,26016,1
11949,26017,1
11950,26018,1
11951,26019,1
11952,26020,1
11953,26021,1
11954,26022,1
11955,26023,1
11956,26024,1
11957,26025,1
11958,26026,1
11959,26027,1
11960,26028,1
11961,26029,1
11962,26030,1
11963,26031,1
11964,26032,1
11965,26033,1
11966,26034,1
11967,26035,1
11968,26036,1
11969,26037,1
11970,26038,1
11971,26039,1
11972,26040,1
11973,26041,1
11974,26042,1
11975,26043,1
11976,26044,1
11977,26045,1
11978,26046,1
11979,26047,1
11980,26048,1
11981,26049,1
11982,26050,1
11983,26051,1
11984,26052,1
11985,26053,1
11986,26054,1
11987,26055,1
11988,26056,1
11989,26057,1
11990,26058,1
11991,26059,1
11992,26060,1
11993,26061,1
11994,26062,1
11995,26063,1
11996,26064,1
11997,26065,1
11998,26066,1
11999,26067,1
12000,26068,1
12001,26069,1
12002,26070,1
12003,26071,1
12004,26072,1
12005,26073,1
12006,26074,1
12007,26075,1
12008,26076,1
12009,26077,1
12010,26078,1
12011,26079,1
12012,26080,1
12013,26081,1
12014,26082,1
12015,26083,1
12016,26084,1
12017,26085,1
12018,26086,1
12019,26087,1
12020,26088,1
12021,26089,1
12022,26090,1
12023,26091,1
12024,26092,1
12025,26093,1
12026,26094,1
12027,26095,1
12028,26096,1
12029,26097,1
12030,26098,1
12031,26099,1
12032,26100,1
12033,26101,1
12034,26102,1
12035,26103,1
12036,26104,1
12037,26105,1
12038,26106,1
12039,26107,1
12040,26108,1
12041,26109,1
12042,26110,1
12043,26111,1
12044,26112,1
12045,26113,1
12046,26114,1
12047,26115,1
12048,26116,1
12049,26117,1
12050,26118,1
12051,26119,1
12052,26120,1
12053,26121,1
12054,26122,1
12055,26123,1
12056,26124,1
12057,26125,1
12058,26126,1
12059,26127,1
12060,26128,1
12061,26129,1
12062,26130,1
12063,26131,1
12064,26132,1
12065,26133,1
12066,26134,1
12067,26135,1
12068,26136,1
12069,26137,1
12070,26138,1
12071,26139,1
12072,26140,1
12073,26141,1
12074,26142,1
12075,26143,1
12076,26144,1
12077,26145,1
12078,26146,1
12079,26147,1
12080,26148,1
12081,26149,1
12082,26150,1
12083,26151,1
12084,26152,1
12085,26153,1
12086,26154,1
12087,26155,1
12088,26156,1
12089,26157,1
12090,26158,1
12091,26159,1
12092,26160,1
12093,26161,1
12094,26162,1
12095,26163,1
12096,26164,1
12097,26165,1
12098,26166,1
12099,26167,1
12100,26168,1
12101,26169,1
12102,26170,1
12103,26171,1
12104,26172,1
12105,26173,1
12106,26174,1
12107,26175,1
12108,26176,1
12109,26177,1
12110,26178,1
12111,26179,1
12112,26180,1
12113,26181,1
12114,26182,1
12115,26183,1
12116,26184,1
12117,26185,1
12118,26186,1
12119,26187,1
12120,26188,1
12121,26189,1
12122,26190,1
12123,26191,1
12124,26192,1
12125,26193,1
12126,26194,1
12127,26195,1
12128,26196,1
12129,26197,1
12130,26198,1
12131,26199,1
12132,26200,1
12133,26201,1
12134,26202,1
12135,26203,1
12136,26204,1
12137,26205,1
12138,26206,1
12139,26207,1
12140,26208,1
12141,26209,1
12142,26210,1
12143,26211,1
12144,26212,1
12145,26213,1
12146,26214,1
12147,26215,1
12148,26216,1
12149,26217,1
12150,26218,1
12151,26219,1
12152,26220,1
12153,26221,1
12154,26222,1
12155,26223,1
12156,26224,1
12157,26225,1
12158,26226,1
12159,26227,1
12160,26228,1
12161,26229,1
12162,26230,1
12163,26231,1
12164,26232,1
12165,26233,1
12166,26234,1
12167,26235,1
12168,26236,1
12169,26237,1
12170,26238,1
12171,26239,1
12172,26240,1
12173,26241,1
12174,26242,1
12175,26243,1
12176,26244,1
12177,26245,1
12178,26246,1
12179,26247,1
12180,26248,1
12181,26249,1
12182,26250,1
12183,26251,1
12184,26252,1
12185,26253,1
12186,26254,1
12187,26255,1
12188,26256,1
12189,26257,1
12190,26258,1
12191,26259,1
12192,26260,1
12193,26261,1
12194,26262,1
12195,26263,1
12196,26264,1
12197,26265,1
12198,26266,1
12199,26267,1
12200,26268,1
12201,26269,1
12202,26270,1
12203,26271,1
12204,26272,1
12205,26273,1
12206,26274,1
12207,26275,1
12208,26276,1
12209,26277,1
12210,26278,1
12211,26279,1
12212,26280,1
12213,26281,1
12214,26282,1
12215,26283,1
12216,26284,1
12217,26285,1
12218,26286,1
12219,26287,1
12220,26288,1
12221,26289,1
12222,26290,1
12223,26291,1
12224,26292,1
12225,26293,1
12226,26294,1
12227,26295,1
12228,26296,1
12229,26297,1
12230,26298,1
12231,26299,1
12232,26300,1
12233,26301,1
12234,26302,1
12235,26303,1
12236,26304,1
12237,26305,1
12238,26306,1
12239,26307,1
12240,26308,1
12241,26309,1
12242,26310,1
12243,26311,1
12244,26312,1
12245,26313,1
12246,26314,1
12247,26315,1
12248,26316,1
12249,26317,1
12250,26318,1
12251,26319,1
12252,26320,1
12253,26321,1
12254,26322,1
12255,26323,1
12256,26324,1
12257,26325,1
12258,26326,1
12259,26327,1
12260,26328,1
12261,26329,1
12262,26330,1
12263,26331,1
12264,26332,1
12265,26333,1
12266,26334,1
12267,26335,1
12268,26336,1
12269,26337,1
12270,26338,1
12271,26339,1
12272,26340,1
12273,26341,1
12274,26342,1
12275,26343,1
12276,26344,1
12277,26345,1
12278,26346,1
12279,26347,1
12280,26348,1
12281,26349,1
12282,26350,1
12283,26351,1
12284,26352,1
12285,26353,1
12286,26354,1
12287,26355,1
12288,26356,1
12289,26357,1
12290,26358,1
12291,26359,1
12292,26360,1
12293,26361,1
12294,26362,1
12295,26363,1
12296,26364,1
12297,26365,1
12298,26366,1
12299,26367,1
12300,26368,1
12301,26369,1
12302,26370,1
12303,26371,1
12304,26372,1
12305,26373,1
12306,26374,1
12307,26375,1
12308,26376,1
12309,26377,1
12310,26378,1
12311,26379,1
12312,26380,1
12313,26381,1
12314,26382,1
12315,26383,1
12316,26384,1
12317,26385,1
12318,26386,1
12319,26387,1
12320,26388,1
12321,26389,1
12322,26390,1
12323,26391,1
12324,26392,1
12325,26393,1
12326,26394,1
12327,26395,1
12328,26396,1
12329,26397,1
12330,26398,1
12331,26399,1
12332,26400,1
12333,26401,1
12334,26402,1
12335,26403,1
12336,26404,1
12337,26405,1
12338,26406,1
12339,26407,1
12340,26408,1
12341,26409,1
12342,26410,1
12343,26411,1
12344,26412,1
12345,26413,1
12346,26414,1
12347,26415,1
12348,26416,1
12349,26417,1
12350,26418,1
12351,26419,1
12352,26420,1
12353,26421,1
12354,26422,1
12355,26423,1
12356,26424,1
12357,26425,1
12358,26426,1
12359,26427,1
12360,26428,1
12361,26429,1
12362,26430,1
12363,26431,1
12364,26432,1
12365,26433,1
12366,26434,1
12367,26435,1
12368,26436,1
12369,26437,1
12370,26438,1
12371,26439,1
12372,26440,1
12373,26441,1
12374,26442,1
12375,26443,1
12376,26444,1
12377,26445,1
12378,26446,1
12379,26447,1
12380,26448,1
12381,26449,1
12382,26450,1
12383,26451,1
12384,26452,1
12385,26453,1
12386,26454,1
12387,26455,1
12388,26456,1
12389,26457,1
12390,26458,1
12391,26459,1
12392,26460,1
12393,26461,1
12394,26462,1
12395,26463,1
12396,26464,1
12397,26465,1
12398,26466,1
12399,26467,1
12400,26468,1
12401,26469,1
12402,26470,1
12403,26471,1
12404,26472,1
12405,26473,1
12406,26474,1
12407,26475,1
12408,26476,1
12409,26477,1
12410,26478,1
12411,26479,1
12412,26480,1
12413,26481,1
12414,26482,1
12415,26483,1
12416,26484,1
12417,26485,1
12418,26486,1
12419,26487,1
12420,26488,1
12421,26489,1
12422,26490,1
12423,26491,1
12424,26492,1
12425,26493,1
12426,26494,1
12427,26495,1
12428,26496,1
12429,26497,1
12430,26498,1
12431,26499,1
12432,26500,1
12433,26501,1
12434,26502,1
12435,26503,1
12436,26504,1
12437,26505,1
12438,26506,1
12439,26507,1
12440,26508,1
12441,26509,1
12442,26510,1
12443,26511,1
12444,26512,1
12445,26513,1
12446,26514,1
12447,26515,1
12448,26516,1
12449,26517,1
12450,26518,1
12451,26519,1
12452,26520,1
12453,26521,1
12454,26522,1
12455,26523,1
12456,26524,1
12457,26525,1
12458,26526,1
12459,26527,1
12460,26528,1
12461,26529,1
12462,26530,1
12463,26531,1
12464,26532,1
12465,26533,1
12466,26534,1
12467,26535,1
12468,26536,1
12469,26537,1
12470,26538,1
12471,26539,1
12472,26540,1
12473,26541,1
12474,26542,1
12475,26543,1
12476,26544,1
12477,26545,1
12478,26546,1
12479,26547,1
12480,26548,1
12481,26549,1
12482,26550,1
12483,26551,1
12484,26552,1
12485,26553,1
12486,26554,1
12487,26555,1
12488,26556,1
12489,26557,1
12490,26558,1
12491,26559,1
12492,26560,1
12493,26561,1
12494,26562,1
12495,26563,1
12496,26564,1
12497,26565,1
12498,26566,1
12499,26567,1
12500,26568,1
12501,26569,1
12502,26570,1
12503,26571,1
12504,26572,1
12505,26573,1
12506,26574,1
12507,26575,1
12508,26576,1
12509,26577,1
12510,26578,1
12511,26579,1
12512,26580,1
12513,26581,1
12514,26582,1
12515,26583,1
12516,26584,1
12517,26585,1
12518,26586,1
12519,26587,1
12520,26588,1
12521,26589,1
12522,26590,1
12523,26591,1
12524,26592,1
12525,26593,1
12526,26594,1
12527,26595,1
12528,26596,1
12529,26597,1
12530,26598,1
12531,26599,1
12532,26600,1
12533,26601,1
12534,26602,1
12535,26603,1
12536,26604,1
12537,26605,1
12538,26606,1
12539,26607,1
12540,26608,1
12541,26609,1
12542,26610,1
12543,26611,1
12544,26612,1
12545,26613,1
12546,26614,1
12547,26615,1
12548,26616,1
12549,26617,1
12550,26618,1
12551,26619,1
12552,26620,1
12553,26621,1
12554,26622,1
12555,26623,1
12556,26624,1
12557,26625,1
12558,26626,1
12559,26627,1
12560,26628,1
12561,26629,1
12562,26630,1
12563,26631,1
12564,26632,1
12565,26633,1
12566,26634,1
12567,26635,1
12568,26636,1
12569,26637,1
12570,26638,1
12571,26639,1
12572,26640,1
12573,26641,1
12574,26642,1
12575,26643,1
12576,26644,1
12577,26645,1
12578,26646,1
12579,26647,1
12580,26648,1
12581,26649,1
12582,26650,1
12583,26651,1
12584,26652,1
12585,26653,1
12586,26654,1
12587,26655,1
12588,26656,1
12589,26657,1
12590,26658,1
12591,26659,1
12592,26660,1
12593,26661,1
12594,26662,1
12595,26663,1
12596,26664,1
12597,26665,1
12598,26666,1
12599,26667,1
12600,26668,1
12601,26669,1
12602,26670,1
12603,26671,1
12604,26672,1
12605,26673,1
12606,26674,1
12607,26675,1
12608,26676,1
12609,26677,1
12610,26678,1
12611,26679,1
12612,26680,1
12613,26681,1
12614,26682,1
12615,26683,1
12616,26684,1
12617,26685,1
12618,26686,1
12619,26687,1
12620,26688,1
12621,26689,1
12622,26690,1
12623,26691,1
12624,26692,1
12625,26693,1
12626,26694,1
12627,26695,1
12628,26696,1
12629,26697,1
12630,26698,1
12631,26699,1
12632,26700,1
12633,26701,1
12634,26702,1
12635,26703,1
12636,26704,1
12637,26705,1
12638,26706,1
12639,26707,1
12640,26708,1
12641,26709,1
12642,26710,1
12643,26711,1
12644,26712,1
12645,26713,1
12646,26714,1
12647,26715,1
12648,26716,1
12649,26717,1
12650,26718,1
12651,26719,1
12652,26720,1
12653,26721,1
12654,26722,1
12655,26723,1
12656,26724,1
12657,26725,1
12658,26726,1
12659,26727,1
12660,26728,1
12661,26729,1
12662,26730,1
12663,26731,1
12664,26732,1
12665,26733,1
12666,26734,1
12667,26735,1
12668,26736,1
12669,26737,1
12670,26738,1
12671,26739,1
12672,26740,1
12673,26741,1
12674,26742,1
12675,26743,1
12676,26744,1
12677,26745,1
12678,26746,1
12679,26747,1
12680,26748,1
12681,26749,1
12682,26750,1
12683,26751,1
12684,26752,1
12685,26753,1
12686,26754,1
12687,26755,1
12688,26756,1
12689,26757,1
12690,26758,1
12691,26759,1
12692,26760,1
12693,26761,1
12694,26762,1
12695,26763,1
12696,26764,1
12697,26765,1
12698,26766,1
12699,26767,1
12700,26768,1
12701,26769,1
12702,26770,1
12703,26771,1
12704,26772,1
12705,26773,1
12706,26774,1
12707,26775,1
12708,26776,1
12709,26777,1
12710,26778,1
12711,26779,1
12712,26780,1
12713,26781,1
12714,26782,1
12715,26783,1
12716,26784,1
12717,26785,1
12718,26786,1
12719,26787,1
12720,26788,1
12721,26789,1
12722,26790,1
12723,26791,1
12724,26792,1
12725,26793,1
12726,26794,1
12727,26795,1
12728,26796,1
12729,26797,1
12730,26798,1
12731,26799,1
12732,26800,1
12733,26801,1
12734,26802,1
12735,26803,1
12736,26804,1
12737,26805,1
12738,26806,1
12739,26807,1
12740,26808,1
12741,26809,1
12742,26810,1
12743,26811,1
12744,26812,1
12745,26813,1
12746,26814,1
12747,26815,1
12748,26816,1
12749,26817,1
12750,26818,1
12751,26819,1
12752,26820,1
12753,26821,1
12754,26822,1
12755,26823,1
12756,26824,1
12757,26825,1
12758,26826,1
12759,26827,1
12760,26828,1
12761,26829,1
12762,26830,1
12763,26831,1
12764,26832,1
12765,26833,1
12766,26834,1
12767,26835,1
12768,26836,1
12769,26837,1
12770,26838,1
12771,26839,1
12772,26840,1
12773,26841,1
12774,26842,1
12775,26843,1
12776,26844,1
12777,26845,1
12778,26846,1
12779,26847,1
12780,26848,1
12781,26849,1
12782,26850,1
12783,26851,1
12784,26852,1
12785,26853,1
12786,26854,1
12787,26855,1
12788,26856,1
12789,26857,1
12790,26858,1
12791,26859,1
12792,26860,1
12793,26861,1
12794,26862,1
12795,26863,1
12796,26864,1
12797,26865,1
12798,26866,1
12799,26867,1
12800,26868,1
12801,26869,1
12802,26870,1
12803,26871,1
12804,26872,1
12805,26873,1
12806,26874,1
12807,26875,1
12808,26876,1
12809,26877,1
12810,26878,1
12811,26879,1
12812,26880,1
12813,26881,1
12814,26882,1
12815,26883,1
12816,26884,1
12817,26885,1
12818,26886,1
12819,26887,1
12820,26888,1
12821,26889,1
12822,26890,1
12823,26891,1
12824,26892,1
12825,26893,1
12826,26894,1
12827,26895,1
12828,26896,1
12829,26897,1
12830,26898,1
12831,26899,1
12832,26900,1
12833,26901,1
12834,26902,1
12835,26903,1
12836,26904,1
12837,26905,1
12838,26906,1
12839,26907,1
12840,26908,1
12841,26909,1
12842,26910,1
12843,26911,1
12844,26912,1
12845,26913,1
12846,26914,1
12847,26915,1
12848,26916,1
12849,26917,1
12850,26918,1
12851,26919,1
12852,26920,1
12853,26921,1
12854,26922,1
12855,26923,1
12856,26924,1
12857,26925,1
12858,26926,1
12859,26927,1
12860,26928,1
12861,26929,1
12862,26930,1
12863,26931,1
12864,26932,1
12865,26933,1
12866,26934,1
12867,26935,1
12868,26936,1
12869,26937,1
12870,26938,1
12871,26939,1
12872,26940,1
12873,26941,1
12874,26942,1
12875,26943,1
12876,26944,1
12877,26945,1
12878,26946,1
12879,26947,1
12880,26948,1
12881,26949,1
12882,26950,1
12883,26951,1
12884,26952,1
12885,26953,1
12886,26954,1
12887,26955,1
12888,26956,1
12889,26957,1
12890,26958,1
12891,26959,1
12892,26960,1
12893,26961,1
12894,26962,1
12895,26963,1
12896,26964,1
12897,26965,1
12898,26966,1
12899,26967,1
12900,26968,1
12901,26969,1
12902,26970,1
12903,26971,1
12904,26972,1
12905,26973,1
12906,26974,1
12907,26975,1
12908,26976,1
12909,26977,1
12910,26978,1
12911,26979,1
12912,26980,1
12913,26981,1
12914,26982,1
12915,26983,1
12916,26984,1
12917,26985,1
12918,26986,1
12919,26987,1
12920,26988,1
12921,26989,1
12922,26990,1
12923,26991,1
12924,26992,1
12925,26993,1
12926,26994,1
12927,26995,1
12928,26996,1
12929,26997,1
12930,26998,1
12931,26999,1
12932,27000,1
12933,27001,1
12934,27002,1
12935,27003,1
12936,27004,1
12937,27005,1
12938,27006,1
12939,27007,1
12940,27008,1
12941,27009,1
12942,27010,1
12943,27011,1
12944,27012,1
12945,27013,1
12946,27014,1
12947,27015,1
12948,27016,1
12949,27017,1
12950,27018,1
12951,27019,1
12952,27020,1
12953,27021,1
12954,27022,1
12955,27023,1
12956,27024,1
12957,27025,1
12958,27026,1
12959,27027,1
12960,27028,1
12961,27029,1
12962,27030,1
12963,27031,1
12964,27032,1
12965,27033,1
12966,27034,1
12967,27035,1
12968,27036,1
12969,27037,1
12970,27038,1
12971,27039,1
12972,27040,1
12973,27041,1
12974,27042,1
12975,27043,1
12976,27044,1
12977,27045,1
12978,27046,1
12979,27047,1
12980,27048,1
12981,27049,1
12982,27050,1
12983,27051,1
12984,27052,1
12985,27053,1
12986,27054,1
12987,27055,1
12988,27056,1
12989,27057,1
12990,27058,1
12991,27059,1
12992,27060,1
12993,27061,1
12994,27062,1
12995,27063,1
12996,27064,1
12997,27065,1
12998,27066,1
12999,27067,1
13000,27068,1
13001,27069,1
13002,27070,1
13003,27071,1
13004,27072,1
13005,27073,1
13006,27074,1
13007,27075,1
13008,27076,1
13009,27077,1
13010,27078,1
13011,27079,1
13012,27080,1
13013,27081,1
13014,27082,1
13015,27083,1
13016,27084,1
13017,27085,1
13018,27086,1
13019,27087,1
13020,27088,1
13021,27089,1
13022,27090,1
13023,27091,1
13024,27092,1
13025,27093,1
13026,27094,1
13027,27095,1
13028,27096,1
13029,27097,1
13030,27098,1
13031,27099,1
13032,27100,1
13033,27101,1
13034,27102,1
13035,27103,1
13036,27104,1
13037,27105,1
13038,27106,1
13039,27107,1
13040,27108,1
13041,27109,1
13042,27110,1
13043,27111,1
13044,27112,1
13045,27113,1
13046,27114,1
13047,27115,1
13048,27116,1
13049,27117,1
13050,27118,1
13051,27119,1
13052,27120,1
13053,27121,1
13054,27122,1
13055,27123,1
13056,27124,1
13057,27125,1
13058,27126,1
13059,27127,1
13060,27128,1
13061,27129,1
13062,27130,1
13063,27131,1
13064,27132,1
13065,27133,1
13066,27134,1
13067,27135,1
13068,27136,1
13069,27137,1
13070,27138,1
13071,27139,1
13072,27140,1
13073,27141,1
13074,27142,1
13075,27143,1
13076,27144,1
13077,27145,1
13078,27146,1
13079,27147,1
13080,27148,1
13081,27149,1
13082,27150,1
13083,27151,1
13084,27152,1
13085,27153,1
13086,27154,1
13087,27155,1
13088,27156,1
13089,27157,1
13090,27158,1
13091,27159,1
13092,27160,1
13093,27161,1
13094,27162,1
