2500,13095,1
2501,13096,1
2502,13097,1
2503,13098,1
2504,13099,1
2505,13100,1
2506,13101,1
2507,13102,1
2508,13103,1
2509,13104,1
2510,13105,1
2511,13106,1
2512,13107,1
2513,13108,1
2514,13109,1
2515,13110,1
2516,13111,1
2517,13112,1
2518,13113,1
2519,13114,1
2520,13115,1
2521,13116,1
2522,13117,1
2523,13118,1
2524,13119,1
2525,13120,1
2526,13121,1
2527,13122,1
2528,13123,1
2529,13124,1
2530,13125,1
2531,13126,1
2532,13127,1
2533,13128,1
2534,13129,1
2535,13130,1
2554,13131,1
2555,13132,1
2556,13133,1
2557,13134,1
2558,13135,1
2559,13136,1
2560,13137,1
2561,13138,1
2562,13139,1
2563,13140,1
2564,13141,1
2565,13142,1
2566,13143,1
2567,13144,1
2568,13145,1
2569,13146,1
2570,13147,1
2571,13148,1
2572,13149,1
2573,13150,1
2574,13151,1
2575,13152,1
2576,13153,1
2577,13154,1
2578,13155,1
2579,13156,1
2580,13157,1
2581,13158,1
2582,13159,1
2583,13160,1
2584,13161,1
2585,13162,1
2586,13163,1
2587,13164,1
2588,13165,1
2589,13166,1
2590,13167,1
2591,13168,1
2592,13169,1
2593,13170,1
2594,13171,1
2595,13172,1
2596,13173,1
2597,13174,1
2598,13175,1
2599,13176,1
2600,13177,1
2601,13178,1
2602,13179,1
2603,13180,1
2604,13181,1
2605,13182,1
2606,13183,1
2607,13184,1
2608,13185,1
2609,13186,1
2610,13187,1
2611,13188,1
2612,13189,1
2613,13190,1
2614,13191,1
2615,13192,1
2616,13193,1
2617,13194,1
2618,13195,1
2619,13196,1
2620,13197,1
2621,13198,1
2622,13199,1
2623,13200,1
2624,13201,1
2625,13202,1
2688,13203,1
2689,13204,1
2690,13205,1
2691,13206,1
2692,13207,1
2693,13208,1
2694,13209,1
2695,13210,1
2696,13211,1
2697,13212,1
2698,13213,1
2699,13214,1
2700,13215,1
2701,13216,1
2702,13217,1
2703,13218,1
2704,13219,1
2705,13220,1
2706,13221,1
2707,13222,1
2708,13223,1
2709,13224,1
2710,13225,1
2711,13226,1
2712,13227,1
2713,13228,1
2714,13229,1
2715,13230,1
2716,13231,1
2717,13232,1
2718,13233,1
2719,13234,1
2720,13235,1
2721,13236,1
2722,13237,1
2723,13238,1
2724,13239,1
2725,13240,1
2726,13241,1
2727,13242,1
2728,13243,1
2729,13244,1
2730,13245,1
2731,13246,1
2732,13247,1
2733,13248,1
2734,13249,1
2735,13250,1
2736,13251,1
2737,13252,1
2738,13253,1
2739,13254,1
2740,13255,1
2741,13256,1
2742,13257,1
2743,13258,1
2744,13259,1
2745,13260,1
2746,13261,1
2747,13262,1
2748,13263,1
2749,13264,1
2750,13265,1
2751,13266,1
2752,13267,1
2753,13268,1
2754,13269,1
2755,13270,1
2756,13271,1
2757,13272,1
2758,13273,1
2759,13274,1
2760,13275,1
2761,13276,1
2762,13277,1
2763,13278,1
2764,13279,1
2765,13280,1
2766,13281,1
2767,13282,1
2768,13283,1
2769,13284,1
2770,13285,1
2771,13286,1
2772,13287,1
2773,13288,1
2774,13289,1
2775,13290,1
2776,13291,1
2777,13292,1
2778,13293,1
2779,13294,1
2780,13295,1
2781,13296,1
2782,13297,1
2783,13298,1
2784,13299,1
2785,13300,1
2786,13301,1
2787,13302,1
2788,13303,1
2789,13304,1
2790,13305,1
2791,13306,1
2792,13307,1
2793,13308,1
2794,13309,1
2795,13310,1
2796,13311,1
2797,13312,1
2798,13313,1
2799,13314,1
2800,13315,1
2801,13316,1
2802,13317,1
2803,13318,1
2804,13319,1
2805,13320,1
2806,13321,1
2807,13322,1
2808,13323,1
2809,13324,1
2810,13325,1
2811,13326,1
2812,13327,1
2813,13328,1
2814,13329,1
2815,13330,1
2816,13331,1
2817,13332,1
2818,13333,1
2819,13334,1
2820,13335,1
2821,13336,1
2822,13337,1
2823,13338,1
2824,13339,1
2825,13340,1
2826,13341,1
2827,13342,1
2828,13343,1
2829,13344,1
2830,13345,1
2831,13346,1
2832,13347,1
2833,13348,1
2834,13349,1
2835,13350,1
2836,13351,1
2837,13352,1
2838,13353,1
2839,13354,1
2840,13355,1
2841,13356,1
2842,13357,1
2843,13358,1
2844,13359,1
2845,13360,1
2846,13361,1
2847,13362,1
2848,13363,1
2849,13364,1
2850,13365,1
2851,13366,1
2852,13367,1
2853,13368,1
2854,13369,1
2855,13370,1
2856,13371,1
2857,13372,1
2858,13373,1
2859,13374,1
2860,13375,1
2861,13376,1
2862,13377,1
2863,13378,1
2864,13379,1
2865,13380,1
2866,13381,1
2867,13382,1
2868,13383,1
2869,13384,1
2870,13385,1
2871,13386,1
2872,13387,1
2873,13388,1
2874,13389,1
2875,13390,1
2876,13391,1
2877,13392,1
2878,13393,1
2879,13394,1
2880,13395,1
2881,13396,1
2882,13397,1
2883,13398,1
2884,13399,1
2885,13400,1
2886,13401,1
2887,13402,1
2888,13403,1
2889,13404,1
2890,13405,1
2891,13406,1
2892,13407,1
2893,13408,1
2894,13409,1
2895,13410,1
2896,13411,1
2897,13412,1
2898,13413,1
2899,13414,1
2900,13415,1
2901,13416,1
2902,13417,1
2903,13418,1
2904,13419,1
2905,13420,1
2906,13421,1
2907,13422,1
2908,13423,1
2909,13424,1
2910,13425,1
2911,13426,1
2912,13427,1
2913,13428,1
2914,13429,1
2915,13430,1
2916,13431,1
2917,13432,1
2918,13433,1
2919,13434,1
2920,13435,1
2921,13436,1
2922,13437,1
2923,13438,1
2924,13439,1
2925,13440,1
2926,13441,1
2927,13442,1
2928,13443,1
2929,13444,1
2930,13445,1
2931,13446,1
2932,13447,1
2933,13448,1
2934,13449,1
2935,13450,1
2936,13451,1
2937,13452,1
2938,13453,1
2939,13454,1
2940,13455,1
2941,13456,1
2942,13457,1
2943,13458,1
2944,13459,1
2945,13460,1
2946,13461,1
2947,13462,1
2948,13463,1
2949,13464,1
2950,13465,1
2951,13466,1
2952,13467,1
2953,13468,1
2954,13469,1
2955,13470,1
2956,13471,1
2957,13472,1
2958,13473,1
2959,13474,1
2960,13475,1
2961,13476,1
2962,13477,1
2963,13478,1
2964,13479,1
2965,13480,1
2966,13481,1
2967,13482,1
2968,13483,1
2969,13484,1
2970,13485,1
2971,13486,1
2972,13487,1
2973,13488,1
2974,13489,1
2975,13490,1
2976,13491,1
2977,13492,1
2978,13493,1
2979,13494,1
2980,13495,1
2981,13496,1
2982,13497,1
2983,13498,1
2984,13499,1
2985,13500,1
2986,13501,1
2987,13502,1
2988,13503,1
2989,13504,1
2990,13505,1
2991,13506,1
2992,13507,1
2993,13508,1
2994,13509,1
2995,13510,1
2996,13511,1
2997,13512,1
2998,13513,1
2999,13514,1
3000,13515,1
3001,13516,1
3002,13517,1
3003,13518,1
3004,13519,1
3005,13520,1
3006,13521,1
3007,13522,1
3008,13523,1
3009,13524,1
3010,13525,1
3011,13526,1
3012,13527,1
3013,13528,1
3014,13529,1
3015,13530,1
3016,13531,1
3017,13532,1
3018,13533,1
3019,13534,1
3020,13535,1
3021,13536,1
3022,13537,1
3023,13538,1
3024,13539,1
3025,13540,1
3026,13541,1
3027,13542,1
3028,13543,1
3029,13544,1
3030,13545,1
3031,13546,1
3032,13547,1
3033,13548,1
3034,13549,1
3035,13550,1
3036,13551,1
3037,13552,1
3038,13553,1
3039,13554,1
3040,13555,1
3041,13556,1
3042,13557,1
3043,13558,1
3044,13559,1
3045,13560,1
3046,13561,1
3047,13562,1
3048,13563,1
3049,13564,1
3050,13565,1
3051,13566,1
3052,13567,1
3053,13568,1
3054,13569,1
3055,13570,1
3056,13571,1
3057,13572,1
3058,13573,1
3059,13574,1
3060,13575,1
3061,13576,1
3062,13577,1
3063,13578,1
3064,13579,1
3065,13580,1
3066,13581,1
3067,13582,1
3068,13583,1
3069,13584,1
3070,13585,1
3071,13586,1
3072,13587,1
3073,13588,1
3074,13589,1
3075,13590,1
3076,13591,1
3077,13592,1
3078,13593,1
3079,13594,1
3080,13595,1
3081,13596,1
3082,13597,1
3083,13598,1
3084,13599,1
3085,13600,1
3086,13601,1
3087,13602,1
3088,13603,1
3089,13604,1
3090,13605,1
3091,13606,1
3092,13607,1
3093,13608,1
3094,13609,1
3095,13610,1
3096,13611,1
3097,13612,1
3098,13613,1
3099,13614,1
3100,13615,1
3101,13616,1
3102,13617,1
3103,13618,1
3104,13619,1
3105,13620,1
3106,13621,1
3107,13622,1
3108,13623,1
3109,13624,1
3110,13625,1
3111,13626,1
3112,13627,1
3113,13628,1
3114,13629,1
3115,13630,1
3116,13631,1
3117,13632,1
3118,13633,1
3119,13634,1
3120,13635,1
3121,13636,1
3122,13637,1
3123,13638,1
3124,13639,1
3125,13640,1
3126,13641,1
3127,13642,1
3128,13643,1
3129,13644,1
3130,13645,1
3131,13646,1
3132,13647,1
3133,13648,1
3134,13649,1
3135,13650,1
3136,13651,1
3137,13652,1
3138,13653,1
3139,13654,1
3140,13655,1
3141,13656,1
3142,13657,1
3143,13658,1
3144,13659,1
3145,13660,1
3146,13661,1
3147,13662,1
3148,13663,1
3149,13664,1
3150,13665,1
3151,13666,1
3152,13667,1
3153,13668,1
3154,13669,1
3155,13670,1
3156,13671,1
3157,13672,1
3158,13673,1
3159,13674,1
3160,13675,1
3161,13676,1
3162,13677,1
3163,13678,1
3164,13679,1
3165,13680,1
3166,13681,1
3167,13682,1
3168,13683,1
3169,13684,1
3170,13685,1
3171,13686,1
3172,13687,1
3173,13688,1
3174,13689,1
3175,13690,1
3176,13691,1
3177,13692,1
3178,13693,1
3179,13694,1
3180,13695,1
3181,13696,1
3182,13697,1
3183,13698,1
3184,13699,1
3185,13700,1
3186,13701,1
3187,13702,1
3188,13703,1
3189,13704,1
3190,13705,1
3191,13706,1
3192,13707,1
3193,13708,1
3194,13709,1
3195,13710,1
3196,13711,1
3197,13712,1
3198,13713,1
3199,13714,1
3200,13715,1
3201,13716,1
3202,13717,1
3203,13718,1
3204,13719,1
3205,13720,1
3206,13721,1
3207,13722,1
3208,13723,1
3209,13724,1
3210,13725,1
3211,13726,1
3212,13727,1
3213,13728,1
3214,13729,1
3215,13730,1
3216,13731,1
3217,13732,1
3218,13733,1
3219,13734,1
3220,13735,1
3221,13736,1
3222,13737,1
3223,13738,1
3224,13739,1
3225,13740,1
3226,13741,1
3227,13742,1
3228,13743,1
3229,13744,1
3230,13745,1
3231,13746,1
3232,13747,1
3233,13748,1
3234,13749,1
3235,13750,1
3236,13751,1
3237,13752,1
3238,13753,1
3239,13754,1
3240,13755,1
3241,13756,1
3242,13757,1
3243,13758,1
3244,13759,1
3245,13760,1
3246,13761,1
3247,13762,1
3248,13763,1
3249,13764,1
3250,13765,1
3251,13766,1
3252,13767,1
3253,13768,1
3254,13769,1
3255,13770,1
3256,13771,1
3257,13772,1
3258,13773,1
3259,13774,1
3260,13775,1
3261,13776,1
3262,13777,1
3263,13778,1
3264,13779,1
3265,13780,1
3266,13781,1
3267,13782,1
3268,13783,1
3269,13784,1
3270,13785,1
3271,13786,1
3272,13787,1
3273,13788,1
3274,13789,1
3275,13790,1
3276,13791,1
3703,13792,1
3704,13793,1
3705,13794,1
3706,13795,1
3707,13796,1
3708,13797,1
3709,13798,1
3710,13799,1
3711,13800,1
3712,13801,1
3713,13802,1
3714,13803,1
3715,13804,1
3716,13805,1
3717,13806,1
3718,13807,1
3719,13808,1
3720,13809,1
3721,13810,1
3722,13811,1
3723,13812,1
3724,13813,1
3725,13814,1
3726,13815,1
3727,13816,1
3728,13817,1
3729,13818,1
3730,13819,1
3731,13820,1
3732,13821,1
3733,13822,1
3734,13823,1
3735,13824,1
3736,13825,1
3737,13826,1
3738,13827,1
3739,13828,1
3740,13829,1
3741,13830,1
3742,13831,1
3743,13832,1
3744,13833,1
3745,13834,1
3746,13835,1
3747,13836,1
3748,13837,1
3749,13838,1
3750,13839,1
3751,13840,1
3752,13841,1
3753,13842,1
3754,13843,1
3755,13844,1
3756,13845,1
3757,13846,1
3758,13847,1
3759,13848,1
3760,13849,1
3761,13850,1
3762,13851,1
3763,13852,1
3764,13853,1
3765,13854,1
3766,13855,1
3767,13856,1
3768,13857,1
3769,13858,1
3770,13859,1
3771,13860,1
3772,13861,1
3773,13862,1
3774,13863,1
3775,13864,1
3776,13865,1
3777,13866,1
3778,13867,1
3779,13868,1
3780,13869,1
3781,13870,1
3782,13871,1
3783,13872,1
3784,13873,1
3785,13874,1
3786,13875,1
3787,13876,1
3788,13877,1
3789,13878,1
3790,13879,1
3791,13880,1
3792,13881,1
3793,13882,1
3794,13883,1
3795,13884,1
3796,13885,1
3797,13886,1
3798,13887,1
3799,13888,1
3800,13889,1
3801,13890,1
3802,13891,1
3803,13892,1
3804,13893,1
3805,13894,1
3806,13895,1
3807,13896,1
3808,13897,1
3809,13898,1
3810,13899,1
3811,13900,1
3812,13901,1
3813,13902,1
3814,13903,1
3815,13904,1
3816,13905,1
3817,13906,1
3818,13907,1
3819,13908,1
3820,13909,1
3821,13910,1
3822,13911,1
3823,13912,1
3824,13913,1
3825,13914,1
3826,13915,1
3827,13916,1
3828,13917,1
3829,13918,1
3830,13919,1
3831,13920,1
3832,13921,1
3833,13922,1
3834,13923,1
3835,13924,1
3836,13925,1
3837,13926,1
3838,13927,1
3839,13928,1
3840,13929,1
3841,13930,1
3842,13931,1
3843,13932,1
3844,13933,1
3845,13934,1
3846,13935,1
3847,13936,1
3848,13937,1
3849,13938,1
3850,13939,1
3851,13940,1
3852,13941,1
3853,13942,1
3854,13943,1
3855,13944,1
3856,13945,1
3857,13946,1
3858,13947,1
3859,13948,1
3860,13949,1
3861,13950,1
3862,13951,1
3863,13952,1
3864,13953,1
3865,13954,1
3866,13955,1
3867,13956,1
3868,13957,1
3869,13958,1
3870,13959,1
3871,13960,1
3872,13961,1
3873,13962,1
3874,13963,1
3875,13964,1
3876,13965,1
3877,13966,1
3878,13967,1
3879,13968,1
3880,13969,1
3881,13970,1
3882,13971,1
3883,13972,1
3884,13973,1
3885,13974,1
3886,13975,1
3887,13976,1
3888,13977,1
3889,13978,1
3890,13979,1
3891,13980,1
3892,13981,1
3893,13982,1
3894,13983,1
3895,13984,1
3896,13985,1
3897,13986,1
3898,13987,1
3899,13988,1
3900,13989,1
3901,13990,1
3902,13991,1
3903,13992,1
3904,13993,1
3905,13994,1
3906,13995,1
3907,13996,1
3908,13997,1
3909,13998,1
3910,13999,1
3911,14000,1
3912,14001,1
3913,14002,1
3914,14003,1
3915,14004,1
3916,14005,1
3917,14006,1
3918,14007,1
3919,14008,1
3920,14009,1
3921,14010,1
3922,14011,1
3923,14012,1
3924,14013,1
3925,14014,1
3926,14015,1
3927,14016,1
3928,14017,1
3929,14018,1
3930,14019,1
3931,14020,1
3932,14021,1
3933,14022,1
3934,14023,1
3935,14024,1
3936,14025,1
3937,14026,1
3938,14027,1
3939,14028,1
3940,14029,1
3941,14030,1
3942,14031,1
3943,14032,1
3944,14033,1
3945,14034,1
3946,14035,1
3947,14036,1
3948,14037,1
3949,14038,1
3950,14039,1
3951,14040,1
3952,14041,1
3953,14042,1
3954,14043,1
3955,14044,1
3956,14045,1
3957,14046,1
3958,14047,1
3959,14048,1
3960,14049,1
3961,14050,1
3962,14051,1
3963,14052,1
3964,14053,1
3965,14054,1
3966,14055,1
3967,14056,1
3968,14057,1
3969,14058,1
3970,14059,1
3971,14060,1
3972,14061,1
3973,14062,1
3974,14063,1
3975,14064,1
3976,14065,1
3977,14066,1
3978,14067,1
3979,14068,1
3980,14069,1
3981,14070,1
3982,14071,1
3983,14072,1
3984,14073,1
3985,14074,1
3986,14075,1
3987,14076,1
3988,14077,1
3989,14078,1
3990,14079,1
3991,14080,1
3992,14081,1
3993,14082,1
3994,14083,1
3995,14084,1
3996,14085,1
3997,14086,1
3998,14087,1
3999,14088,1
4000,14089,1
4001,14090,1
4002,14091,1
4003,14092,1
4004,14093,1
4005,14094,1
4006,14095,1
4007,14096,1
4008,14097,1
4009,14098,1
4010,14099,1
4011,14100,1
4012,14101,1
4013,14102,1
4014,14103,1
4015,14104,1
4016,14105,1
4017,14106,1
4018,14107,1
4019,14108,1
4020,14109,1
4021,14110,1
4022,14111,1
4023,14112,1
4024,14113,1
4025,14114,1
4026,14115,1
4027,14116,1
4028,14117,1
4029,14118,1
4030,14119,1
4031,14120,1
4032,14121,1
4033,14122,1
4034,14123,1
4035,14124,1
4036,14125,1
4037,14126,1
4038,14127,1
4039,14128,1
4040,14129,1
4041,14130,1
4042,14131,1
4043,14132,1
4044,14133,1
4045,14134,1
4046,14135,1
4047,14136,1
4048,14137,1
4049,14138,1
4050,14139,1
4051,14140,1
4052,14141,1
4053,14142,1
4054,14143,1
4055,14144,1
4056,14145,1
4057,14146,1
4058,14147,1
4059,14148,1
4060,14149,1
4061,14150,1
4062,14151,1
4063,14152,1
4064,14153,1
4065,14154,1
4066,14155,1
4067,14156,1
4068,14157,1
4069,14158,1
4070,14159,1
4071,14160,1
4072,14161,1
4073,14162,1
4074,14163,1
4075,14164,1
4076,14165,1
4077,14166,1
4078,14167,1
4079,14168,1
4080,14169,1
4081,14170,1
4082,14171,1
4083,14172,1
4084,14173,1
4085,14174,1
4086,14175,1
4087,14176,1
4088,14177,1
4089,14178,1
4090,14179,1
4091,14180,1
4092,14181,1
4093,14182,1
4094,14183,1
4095,14184,1
4096,14185,1
4097,14186,1
4098,14187,1
4099,14188,1
4100,14189,1
4101,14190,1
4102,14191,1
4103,14192,1
4104,14193,1
4105,14194,1
4106,14195,1
4107,14196,1
4108,14197,1
4109,14198,1
4110,14199,1
4111,14200,1
4112,14201,1
4113,14202,1
4114,14203,1
4115,14204,1
4116,14205,1
4117,14206,1
4118,14207,1
4119,14208,1
4120,14209,1
4121,14210,1
4122,14211,1
4123,14212,1
4124,14213,1
4125,14214,1
4126,14215,1
4127,14216,1
4128,14217,1
4129,14218,1
4130,14219,1
4131,14220,1
4132,14221,1
4133,14222,1
4134,14223,1
4135,14224,1
4136,14225,1
4137,14226,1
4138,14227,1
4139,14228,1
4140,14229,1
4141,14230,1
4142,14231,1
4143,14232,1
4144,14233,1
4145,14234,1
4146,14235,1
4147,14236,1
4148,14237,1
4149,14238,1
4150,14239,1
4151,14240,1
4152,14241,1
4153,14242,1
4154,14243,1
4155,14244,1
4156,14245,1
4157,14246,1
4158,14247,1
4159,14248,1
4160,14249,1
4161,14250,1
4162,14251,1
4163,14252,1
4164,14253,1
4165,14254,1
4166,14255,1
4167,14256,1
4168,14257,1
4169,14258,1
4170,14259,1
4171,14260,1
4172,14261,1
4173,14262,1
4174,14263,1
4175,14264,1
4176,14265,1
4177,14266,1
4178,14267,1
4179,14268,1
4180,14269,1
4181,14270,1
4182,14271,1
4183,14272,1
4184,14273,1
4185,14274,1
4186,14275,1
4187,14276,1
4188,14277,1
4189,14278,1
4190,14279,1
4191,14280,1
4192,14281,1
4193,14282,1
4194,14283,1
4195,14284,1
4196,14285,1
4197,14286,1
4198,14287,1
4199,14288,1
4200,14289,1
4201,14290,1
4202,14291,1
4203,14292,1
4204,14293,1
4205,14294,1
4206,14295,1
4207,14296,1
4208,14297,1
4209,14298,1
4210,14299,1
4211,14300,1
4212,14301,1
4213,14302,1
4214,14303,1
4215,14304,1
4216,14305,1
4217,14306,1
4218,14307,1
4219,14308,1
4220,14309,1
4221,14310,1
4222,14311,1
4223,14312,1
4378,14313,1
4379,14314,1
4380,14315,1
4381,14316,1
4382,14317,1
4383,14318,1
4384,14319,1
4385,14320,1
4386,14321,1
4387,14322,1
4388,14323,1
4389,14324,1
4390,14325,1
4391,14326,1
4392,14327,1
4393,14328,1
4394,14329,1
4395,14330,1
4396,14331,1
4397,14332,1
4398,14333,1
4399,14334,1
4400,14335,1
4401,14336,1
4402,14337,1
4403,14338,1
4404,14339,1
4405,14340,1
4406,14341,1
4407,14342,1
4408,14343,1
4409,14344,1
4410,14345,1
4411,14346,1
4412,14347,1
4413,14348,1
4414,14349,1
4415,14350,1
4416,14351,1
4417,14352,1
4418,14353,1
4419,14354,1
4420,14355,1
4421,14356,1
4422,14357,1
4423,14358,1
4424,14359,1
4425,14360,1
4426,14361,1
4427,14362,1
4428,14363,1
4429,14364,1
4430,14365,1
4431,14366,1
4432,14367,1
4433,14368,1
4434,14369,1
4435,14370,1
4436,14371,1
4437,14372,1
4438,14373,1
4439,14374,1
4440,14375,1
4441,14376,1
4442,14377,1
4443,14378,1
4444,14379,1
4445,14380,1
4446,14381,1
4447,14382,1
4448,14383,1
4449,14384,1
4450,14385,1
4451,14386,1
4452,14387,1
4453,14388,1
4454,14389,1
4455,14390,1
4456,14391,1
4457,14392,1
4458,14393,1
4459,14394,1
4460,14395,1
4461,14396,1
4462,14397,1
4463,14398,1
4464,14399,1
4465,14400,1
4466,14401,1
4467,14402,1
4468,14403,1
4469,14404,1
4470,14405,1
4471,14406,1
4472,14407,1
4473,14408,1
4474,14409,1
4475,14410,1
4476,14411,1
4477,14412,1
4478,14413,1
4479,14414,1
4480,14415,1
4481,14416,1
4482,14417,1
4483,14418,1
4484,14419,1
4485,14420,1
4486,14421,1
4487,14422,1
4488,14423,1
4489,14424,1
4490,14425,1
4491,14426,1
4492,14427,1
4493,14428,1
4494,14429,1
4495,14430,1
4496,14431,1
4497,14432,1
4498,14433,1
4499,14434,1
4500,14435,1
4501,14436,1
4502,14437,1
4503,14438,1
4504,14439,1
4505,14440,1
4506,14441,1
4507,14442,1
4508,14443,1
4509,14444,1
4510,14445,1
4511,14446,1
4512,14447,1
4513,14448,1
4514,14449,1
4515,14450,1
4516,14451,1
4517,14452,1
4518,14453,1
4519,14454,1
4520,14455,1
4521,14456,1
4522,14457,1
4523,14458,1
4524,14459,1
4525,14460,1
4526,14461,1
4527,14462,1
4528,14463,1
4529,14464,1
4530,14465,1
4531,14466,1
4532,14467,1
4533,14468,1
4534,14469,1
4535,14470,1
4536,14471,1
4537,14472,1
4538,14473,1
4539,14474,1
4540,14475,1
4541,14476,1
4542,14477,1
4543,14478,1
4544,14479,1
4545,14480,1
4546,14481,1
4547,14482,1
4548,14483,1
4549,14484,1
4550,14485,1
4551,14486,1
4552,14487,1
4553,14488,1
4554,14489,1
4555,14490,1
4556,14491,1
4557,14492,1
4558,14493,1
4559,14494,1
4560,14495,1
4561,14496,1
4562,14497,1
4563,14498,1
4564,14499,1
4565,14500,1
4566,14501,1
4567,14502,1
4568,14503,1
4569,14504,1
4570,14505,1
4571,14506,1
4572,14507,1
4573,14508,1
4574,14509,1
4575,14510,1
4576,14511,1
4577,14512,1
4578,14513,1
4579,14514,1
4580,14515,1
4581,14516,1
4582,14517,1
4583,14518,1
4584,14519,1
4585,14520,1
4586,14521,1
4587,14522,1
4588,14523,1
4589,14524,1
4590,14525,1
4591,14526,1
4592,14527,1
4593,14528,1
4594,14529,1
4595,14530,1
4596,14531,1
4597,14532,1
4598,14533,1
4599,14534,1
4600,14535,1
4601,14536,1
4602,14537,1
4603,14538,1
4604,14539,1
4605,14540,1
4606,14541,1
4607,14542,1
4608,14543,1
4609,14544,1
4610,14545,1
4611,14546,1
4612,14547,1
4613,14548,1
4614,14549,1
4615,14550,1
4616,14551,1
4617,14552,1
4618,14553,1
4619,14554,1
4620,14555,1
4621,14556,1
4622,14557,1
4623,14558,1
4624,14559,1
4625,14560,1
4626,14561,1
4627,14562,1
4628,14563,1
4629,14564,1
4630,14565,1
4631,14566,1
4632,14567,1
4633,14568,1
4634,14569,1
4635,14570,1
4636,14571,1
4637,14572,1
4638,14573,1
4639,14574,1
4640,14575,1
4641,14576,1
4642,14577,1
4643,14578,1
4644,14579,1
4645,14580,1
4646,14581,1
4647,14582,1
4648,14583,1
4649,14584,1
4650,14585,1
4651,14586,1
4652,14587,1
4653,14588,1
4654,14589,1
4655,14590,1
4656,14591,1
4657,14592,1
4658,14593,1
4659,14594,1
4660,14595,1
4661,14596,1
4662,14597,1
4663,14598,1
4664,14599,1
4665,14600,1
4666,14601,1
4667,14602,1
4668,14603,1
4669,14604,1
4670,14605,1
4671,14606,1
4672,14607,1
4673,14608,1
4674,14609,1
4675,14610,1
4676,14611,1
4677,14612,1
4678,14613,1
4679,14614,1
4680,14615,1
4681,14616,1
4682,14617,1
4683,14618,1
4684,14619,1
4685,14620,1
4686,14621,1
4687,14622,1
4688,14623,1
4689,14624,1
4690,14625,1
4691,14626,1
4692,14627,1
4693,14628,1
4694,14629,1
4695,14630,1
4696,14631,1
4697,14632,1
4698,14633,1
4699,14634,1
4700,14635,1
4701,14636,1
4702,14637,1
4703,14638,1
4704,14639,1
4705,14640,1
4706,14641,1
4707,14642,1
4708,14643,1
4709,14644,1
4710,14645,1
4711,14646,1
4712,14647,1
4713,14648,1
4714,14649,1
4715,14650,1
4716,14651,1
4717,14652,1
4718,14653,1
4719,14654,1
4720,14655,1
4721,14656,1
4722,14657,1
4723,14658,1
4724,14659,1
4725,14660,1
4726,14661,1
4727,14662,1
4728,14663,1
4729,14664,1
4730,14665,1
4731,14666,1
4732,14667,1
4733,14668,1
4734,14669,1
4735,14670,1
4736,14671,1
4737,14672,1
4738,14673,1
4739,14674,1
4740,14675,1
4741,14676,1
4742,14677,1
4743,14678,1
4744,14679,1
4745,14680,1
4746,14681,1
4747,14682,1
4748,14683,1
4749,14684,1
4750,14685,1
4751,14686,1
4752,14687,1
4753,14688,1
4754,14689,1
4755,14690,1
4756,14691,1
4757,14692,1
4758,14693,1
4759,14694,1
4760,14695,1
4761,14696,1
4762,14697,1
4763,14698,1
4764,14699,1
4765,14700,1
4766,14701,1
4767,14702,1
4768,14703,1
4769,14704,1
4770,14705,1
4771,14706,1
4772,14707,1
4773,14708,1
4774,14709,1
4775,14710,1
4776,14711,1
4777,14712,1
4778,14713,1
4779,14714,1
4780,14715,1
4781,14716,1
4782,14717,1
4783,14718,1
4784,14719,1
4785,14720,1
4786,14721,1
4787,14722,1
4788,14723,1
4789,14724,1
4790,14725,1
4791,14726,1
4792,14727,1
4793,14728,1
4794,14729,1
4795,14730,1
4796,14731,1
4797,14732,1
4798,14733,1
4799,14734,1
4800,14735,1
4801,14736,1
4802,14737,1
4803,14738,1
4804,14739,1
4805,14740,1
4806,14741,1
4807,14742,1
4808,14743,1
4809,14744,1
4810,14745,1
4811,14746,1
4812,14747,1
4813,14748,1
4814,14749,1
4815,14750,1
4816,14751,1
4817,14752,1
4818,14753,1
4819,14754,1
4820,14755,1
4821,14756,1
4822,14757,1
4823,14758,1
4824,14759,1
4825,14760,1
4826,14761,1
4827,14762,1
4828,14763,1
4829,14764,1
4830,14765,1
4831,14766,1
4832,14767,1
4833,14768,1
4834,14769,1
4835,14770,1
4836,14771,1
4837,14772,1
4838,14773,1
4839,14774,1
4840,14775,1
4841,14776,1
4842,14777,1
4843,14778,1
4844,14779,1
4845,14780,1
4846,14781,1
4847,14782,1
4848,14783,1
4849,14784,1
4850,14785,1
4851,14786,1
4852,14787,1
4853,14788,1
4854,14789,1
4855,14790,1
4856,14791,1
4857,14792,1
4858,14793,1
4859,14794,1
4860,14795,1
4861,14796,1
4862,14797,1
4863,14798,1
4864,14799,1
4865,14800,1
4866,14801,1
4867,14802,1
4868,14803,1
4869,14804,1
4870,14805,1
4871,14806,1
4872,14807,1
4873,14808,1
4874,14809,1
4875,14810,1
4876,14811,1
4877,14812,1
4878,14813,1
4879,14814,1
4880,14815,1
4881,14816,1
4882,14817,1
4883,14818,1
4884,14819,1
4885,14820,1
4886,14821,1
4887,14822,1
4888,14823,1
4889,14824,1
4890,14825,1
4891,14826,1
4892,14827,1
4893,14828,1
4894,14829,1
4895,14830,1
4896,14831,1
4897,14832,1
4898,14833,1
4899,14834,1
4900,14835,1
4901,14836,1
4902,14837,1
4903,14838,1
4904,14839,1
4905,14840,1
4906,14841,1
4907,14842,1
4908,14843,1
4909,14844,1
4910,14845,1
4911,14846,1
4912,14847,1
4913,14848,1
4914,14849,1
4915,14850,1
4916,14851,1
4917,14852,1
4918,14853,1
4919,14854,1
4920,14855,1
4921,14856,1
4922,14857,1
4923,14858,1
4924,14859,1
4925,14860,1
4926,14861,1
4927,14862,1
4928,14863,1
4929,14864,1
4930,14865,1
4931,14866,1
4932,14867,1
4933,14868,1
4934,14869,1
4935,14870,1
4936,14871,1
4937,14872,1
4938,14873,1
4939,14874,1
4940,14875,1
4941,14876,1
4942,14877,1
4943,14878,1
4944,14879,1
4945,14880,1
4946,14881,1
4947,14882,1
4948,14883,1
4949,14884,1
4950,14885,1
4951,14886,1
4952,14887,1
4953,14888,1
4954,14889,1
4955,14890,1
4956,14891,1
4957,14892,1
4958,14893,1
4959,14894,1
4960,14895,1
4961,14896,1
4962,14897,1
4963,14898,1
4964,14899,1
4965,14900,1
4966,14901,1
4967,14902,1
4968,14903,1
4969,14904,1
4970,14905,1
4971,14906,1
4972,14907,1
4973,14908,1
4974,14909,1
4975,14910,1
4976,14911,1
4977,14912,1
4978,14913,1
4979,14914,1
4980,14915,1
4981,14916,1
4982,14917,1
4983,14918,1
4984,14919,1
4985,14920,1
4986,14921,1
4987,14922,1
4988,14923,1
4989,14924,1
4990,14925,1
4991,14926,1
4992,14927,1
4993,14928,1
4994,14929,1
4995,14930,1
4996,14931,1
4997,14932,1
4998,14933,1
4999,14934,1
5000,14935,1
5001,14936,1
5002,14937,1
5003,14938,1
5004,14939,1
5005,14940,1
5006,14941,1
5007,14942,1
5008,14943,1
5009,14944,1
5010,14945,1
5011,14946,1
5012,14947,1
5013,14948,1
5014,14949,1
5015,14950,1
5016,14951,1
5017,14952,1
5018,14953,1
5019,14954,1
5020,14955,1
5021,14956,1
5022,14957,1
5023,14958,1
5024,14959,1
5025,14960,1
5026,14961,1
5027,14962,1
5028,14963,1
5029,14964,1
5030,14965,1
5031,14966,1
5032,14967,1
5033,14968,1
5034,14969,1
5035,14970,1
5036,14971,1
5037,14972,1
5038,14973,1
5039,14974,1
5040,14975,1
5041,14976,1
5042,14977,1
5043,14978,1
5044,14979,1
5045,14980,1
5046,14981,1
5047,14982,1
5048,14983,1
5049,14984,1
5050,14985,1
5051,14986,1
5052,14987,1
5053,14988,1
5054,14989,1
5055,14990,1
5056,14991,1
5057,14992,1
5058,14993,1
5059,14994,1
5060,14995,1
5061,14996,1
5062,14997,1
5063,14998,1
5064,14999,1
5065,15000,1
5066,15001,1
5067,15002,1
5068,15003,1
5069,15004,1
5070,15005,1
5071,15006,1
5072,15007,1
5073,15008,1
5074,15009,1
5075,15010,1
5076,15011,1
5077,15012,1
5078,15013,1
5079,15014,1
5080,15015,1
5081,15016,1
5082,15017,1
5083,15018,1
5084,15019,1
5085,15020,1
5086,15021,1
5087,15022,1
5088,15023,1
5089,15024,1
5090,15025,1
5091,15026,1
5092,15027,1
5093,15028,1
5094,15029,1
5095,15030,1
5096,15031,1
5097,15032,1
5098,15033,1
5099,15034,1
5100,15035,1
5101,15036,1
5102,15037,1
5103,15038,1
5104,15039,1
5105,15040,1
5106,15041,1
5107,15042,1
5108,15043,1
5109,15044,1
5110,15045,1
5111,15046,1
5112,15047,1
5113,15048,1
5114,15049,1
5115,15050,1
5116,15051,1
5117,15052,1
5118,15053,1
5119,15054,1
5120,15055,1
5121,15056,1
5122,15057,1
5123,15058,1
5124,15059,1
5125,15060,1
5126,15061,1
5127,15062,1
5128,15063,1
5129,15064,1
5130,15065,1
5131,15066,1
5132,15067,1
5133,15068,1
5134,15069,1
5135,15070,1
5136,15071,1
5137,15072,1
5138,15073,1
5139,15074,1
5140,15075,1
5141,15076,1
5142,15077,1
5143,15078,1
5144,15079,1
5145,15080,1
5146,15081,1
5147,15082,1
5148,15083,1
5149,15084,1
5150,15085,1
5151,15086,1
5152,15087,1
5153,15088,1
5154,15089,1
5155,15090,1
5156,15091,1
5157,15092,1
5158,15093,1
5159,15094,1
5160,15095,1
5161,15096,1
5162,15097,1
5163,15098,1
5164,15099,1
5165,15100,1
5166,15101,1
5167,15102,1
5168,15103,1
5169,15104,1
5170,15105,1
5171,15106,1
5172,15107,1
5173,15108,1
5174,15109,1
5175,15110,1
5176,15111,1
5177,15112,1
5178,15113,1
5179,15114,1
5180,15115,1
5181,15116,1
5182,15117,1
5183,15118,1
5184,15119,1
5185,15120,1
5186,15121,1
5187,15122,1
5188,15123,1
5189,15124,1
5190,15125,1
5191,15126,1
5192,15127,1
5193,15128,1
5194,15129,1
5195,15130,1
5196,15131,1
5197,15132,1
5198,15133,1
5199,15134,1
5200,15135,1
5201,15136,1
5202,15137,1
5203,15138,1
5204,15139,1
5205,15140,1
5206,15141,1
5207,15142,1
5208,15143,1
5209,15144,1
5210,15145,1
5211,15146,1
5212,15147,1
5213,15148,1
5214,15149,1
5215,15150,1
5216,15151,1
5217,15152,1
5218,15153,1
5219,15154,1
5220,15155,1
5221,15156,1
5668,15157,1
5669,15158,1
5670,15159,1
5671,15160,1
5672,15161,1
5673,15162,1
5674,15163,1
5675,15164,1
5676,15165,1
5677,15166,1
5678,15167,1
5679,15168,1
5680,15169,1
5681,15170,1
5682,15171,1
5683,15172,1
5684,15173,1
5685,15174,1
5686,15175,1
5687,15176,1
5688,15177,1
5689,15178,1
5690,15179,1
5691,15180,1
5692,15181,1
5693,15182,1
5694,15183,1
5695,15184,1
5696,15185,1
5697,15186,1
5698,15187,1
5699,15188,1
5700,15189,1
5701,15190,1
5702,15191,1
5703,15192,1
5704,15193,1
5705,15194,1
5706,15195,1
5707,15196,1
5708,15197,1
5709,15198,1
5710,15199,1
5711,15200,1
5712,15201,1
5713,15202,1
5714,15203,1
5715,15204,1
5716,15205,1
5717,15206,1
5718,15207,1
5719,15208,1
5720,15209,1
5721,15210,1
5722,15211,1
5723,15212,1
5724,15213,1
5725,15214,1
5726,15215,1
5727,15216,1
5728,15217,1
5729,15218,1
5730,15219,1
5731,15220,1
5732,15221,1
5733,15222,1
5734,15223,1
5735,15224,1
5736,15225,1
5737,15226,1
5738,15227,1
5739,15228,1
5740,15229,1
5741,15230,1
5742,15231,1
5743,15232,1
5744,15233,1
5745,15234,1
5746,15235,1
5747,15236,1
5748,15237,1
5749,15238,1
5750,15239,1
5751,15240,1
5752,15241,1
5753,15242,1
5754,15243,1
5755,15244,1
5756,15245,1
5757,15246,1
5758,15247,1
5759,15248,1
5760,15249,1
5761,15250,1
5762,15251,1
5763,15252,1
5764,15253,1
5765,15254,1
5766,15255,1
5767,15256,1
5768,15257,1
5769,15258,1
5770,15259,1
5771,15260,1
5772,15261,1
5773,15262,1
5774,15263,1
5775,15264,1
5776,15265,1
5777,15266,1
5778,15267,1
5779,15268,1
5780,15269,1
5781,15270,1
5782,15271,1
5783,15272,1
5784,15273,1
5785,15274,1
5786,15275,1
5787,15276,1
5788,15277,1
5789,15278,1
5790,15279,1
5791,15280,1
5792,15281,1
5793,15282,1
5794,15283,1
5795,15284,1
5796,15285,1
5797,15286,1
5798,15287,1
5799,15288,1
5800,15289,1
5801,15290,1
5802,15291,1
5803,15292,1
5804,15293,1
5805,15294,1
5806,15295,1
5807,15296,1
5808,15297,1
5809,15298,1
5810,15299,1
5811,15300,1
5812,15301,1
5813,15302,1
5814,15303,1
5815,15304,1
5816,15305,1
5817,15306,1
5818,15307,1
5819,15308,1
5820,15309,1
5821,15310,1
5822,15311,1
5823,15312,1
5824,15313,1
5825,15314,1
5826,15315,1
5827,15316,1
5828,15317,1
5829,15318,1
5830,15319,1
5831,15320,1
5832,15321,1
5833,15322,1
5834,15323,1
5835,15324,1
5836,15325,1
5837,15326,1
5838,15327,1
5839,15328,1
5840,15329,1
5841,15330,1
5842,15331,1
5843,15332,1
5844,15333,1
5845,15334,1
5846,15335,1
5847,15336,1
5848,15337,1
5849,15338,1
5850,15339,1
5851,15340,1
5852,15341,1
5853,15342,1
5854,15343,1
5855,15344,1
5856,15345,1
5857,15346,1
5858,15347,1
5859,15348,1
5860,15349,1
5861,15350,1
5862,15351,1
5863,15352,1
5864,15353,1
5865,15354,1
5866,15355,1
5867,15356,1
5868,15357,1
5869,15358,1
5870,15359,1
5871,15360,1
5872,15361,1
5873,15362,1
5874,15363,1
5875,15364,1
5876,15365,1
5877,15366,1
5878,15367,1
5879,15368,1
5880,15369,1
5881,15370,1
5882,15371,1
5883,15372,1
5884,15373,1
5885,15374,1
5886,15375,1
5887,15376,1
5888,15377,1
5889,15378,1
5890,15379,1
5891,15380,1
5892,15381,1
5893,15382,1
5894,15383,1
5895,15384,1
5896,15385,1
5897,15386,1
5898,15387,1
5899,15388,1
5900,15389,1
5901,15390,1
5902,15391,1
5903,15392,1
5904,15393,1
5905,15394,1
5906,15395,1
5907,15396,1
5908,15397,1
5909,15398,1
5910,15399,1
5911,15400,1
5912,15401,1
5913,15402,1
5914,15403,1
5915,15404,1
5916,15405,1
5917,15406,1
5918,15407,1
5919,15408,1
5920,15409,1
5921,15410,1
5922,15411,1
5923,15412,1
5924,15413,1
5925,15414,1
5926,15415,1
5927,15416,1
5928,15417,1
5929,15418,1
5930,15419,1
5931,15420,1
5932,15421,1
5933,15422,1
5934,15423,1
5935,15424,1
5936,15425,1
5937,15426,1
5938,15427,1
5939,15428,1
5940,15429,1
5941,15430,1
5942,15431,1
5943,15432,1
5944,15433,1
5945,15434,1
5946,15435,1
5947,15436,1
5948,15437,1
5949,15438,1
5950,15439,1
5951,15440,1
5952,15441,1
5953,15442,1
5954,15443,1
5955,15444,1
5956,15445,1
5957,15446,1
5958,15447,1
5959,15448,1
5960,15449,1
5961,15450,1
5962,15451,1
5963,15452,1
5964,15453,1
5965,15454,1
5966,15455,1
5967,15456,1
5968,15457,1
5969,15458,1
5970,15459,1
5971,15460,1
5972,15461,1
5973,15462,1
5974,15463,1
5975,15464,1
5976,15465,1
5977,15466,1
5978,15467,1
5979,15468,1
5980,15469,1
5981,15470,1
5982,15471,1
6447,15472,1
6448,15473,1
6449,15474,1
6450,15475,1
6451,15476,1
6452,15477,1
6453,15478,1
6454,15479,1
6455,15480,1
6456,15481,1
6457,15482,1
6458,15483,1
6459,15484,1
6460,15485,1
6461,15486,1
6462,15487,1
6463,15488,1
6464,15489,1
6465,15490,1
6466,15491,1
6467,15492,1
6468,15493,1
6469,15494,1
6470,15495,1
6471,15496,1
6472,15497,1
6473,15498,1
6474,15499,1
6475,15500,1
6476,15501,1
6477,15502,1
6478,15503,1
6479,15504,1
6480,15505,1
6481,15506,1
6482,15507,1
6483,15508,1
6484,15509,1
6485,15510,1
6486,15511,1
6487,15512,1
6488,15513,1
6489,15514,1
6490,15515,1
6491,15516,1
6492,15517,1
6493,15518,1
6494,15519,1
6495,15520,1
6496,15521,1
6497,15522,1
6498,15523,1
6499,15524,1
6500,15525,1
6501,15526,1
6502,15527,1
6503,15528,1
6504,15529,1
6505,15530,1
6506,15531,1
6507,15532,1
6508,15533,1
6509,15534,1
6510,15535,1
6511,15536,1
6512,15537,1
6513,15538,1
6514,15539,1
6515,15540,1
6516,15541,1
6517,15542,1
6518,15543,1
6519,15544,1
6520,15545,1
6521,15546,1
6522,15547,1
6523,15548,1
6524,15549,1
6525,15550,1
6526,15551,1
6527,15552,1
6528,15553,1
6529,15554,1
6530,15555,1
6531,15556,1
6532,15557,1
6533,15558,1
6534,15559,1
6535,15560,1
6536,15561,1
6537,15562,1
6538,15563,1
6539,15564,1
6540,15565,1
6541,15566,1
6542,15567,1
6543,15568,1
6544,15569,1
6545,15570,1
6546,15571,1
6547,15572,1
6548,15573,1
6549,15574,1
6550,15575,1
6551,15576,1
6552,15577,1
6553,15578,1
6554,15579,1
6555,15580,1
6556,15581,1
6557,15582,1
6558,15583,1
6559,15584,1
6560,15585,1
6561,15586,1
6562,15587,1
6563,15588,1
6564,15589,1
6565,15590,1
6566,15591,1
6567,15592,1
6568,15593,1
6569,15594,1
6570,15595,1
6571,15596,1
6572,15597,1
6573,15598,1
6574,15599,1
6575,15600,1
6576,15601,1
6577,15602,1
6578,15603,1
6579,15604,1
6580,15605,1
6581,15606,1
6582,15607,1
6583,15608,1
6584,15609,1
6585,15610,1
6586,15611,1
6587,15612,1
6588,15613,1
6589,15614,1
6590,15615,1
6591,15616,1
6592,15617,1
6593,15618,1
6594,15619,1
6595,15620,1
6596,15621,1
6597,15622,1
6598,15623,1
6599,15624,1
6600,15625,1
6601,15626,1
6602,15627,1
6603,15628,1
6604,15629,1
6605,15630,1
6606,15631,1
6607,15632,1
6608,15633,1
6609,15634,1
6610,15635,1
6611,15636,1
6612,15637,1
6613,15638,1
6614,15639,1
6615,15640,1
6616,15641,1
6617,15642,1
6618,15643,1
6619,15644,1
6620,15645,1
6621,15646,1
6622,15647,1
6623,15648,1
6624,15649,1
6625,15650,1
6626,15651,1
6627,15652,1
6628,15653,1
6629,15654,1
6630,15655,1
6631,15656,1
6632,15657,1
6633,15658,1
6634,15659,1
6635,15660,1
6636,15661,1
6637,15662,1
6638,15663,1
6639,15664,1
6640,15665,1
6641,15666,1
6642,15667,1
6643,15668,1
6644,15669,1
6645,15670,1
6646,15671,1
6647,15672,1
6648,15673,1
6649,15674,1
6650,15675,1
6651,15676,1
6652,15677,1
6653,15678,1
6654,15679,1
6655,15680,1
6656,15681,1
6657,15682,1
6658,15683,1
6659,15684,1
6660,15685,1
6661,15686,1
6662,15687,1
6663,15688,1
6664,15689,1
6665,15690,1
6666,15691,1
6667,15692,1
6668,15693,1
6669,15694,1
6670,15695,1
6671,15696,1
6672,15697,1
6673,15698,1
6674,15699,1
6675,15700,1
6676,15701,1
6677,15702,1
6678,15703,1
6679,15704,1
6680,15705,1
6681,15706,1
6682,15707,1
6683,15708,1
6684,15709,1
6685,15710,1
6686,15711,1
6687,15712,1
6688,15713,1
6689,15714,1
6690,15715,1
6691,15716,1
6692,15717,1
6693,15718,1
6694,15719,1
6695,15720,1
6696,15721,1
6697,15722,1
6698,15723,1
6699,15724,1
6700,15725,1
6701,15726,1
6702,15727,1
6703,15728,1
6704,15729,1
6705,15730,1
6706,15731,1
6707,15732,1
6708,15733,1
6709,15734,1
6710,15735,1
6711,15736,1
6712,15737,1
6713,15738,1
6714,15739,1
6715,15740,1
6716,15741,1
6717,15742,1
6718,15743,1
6719,15744,1
6720,15745,1
6721,15746,1
6722,15747,1
6723,15748,1
6724,15749,1
6725,15750,1
6726,15751,1
6727,15752,1
6728,15753,1
6729,15754,1
6730,15755,1
6731,15756,1
6732,15757,1
6733,15758,1
6734,15759,1
6735,15760,1
6736,15761,1
6737,15762,1
6738,15763,1
6739,15764,1
6740,15765,1
6741,15766,1
6742,15767,1
6743,15768,1
6744,15769,1
6745,15770,1
6746,15771,1
6747,15772,1
6748,15773,1
6749,15774,1
6750,15775,1
6751,15776,1
6752,15777,1
6753,15778,1
6754,15779,1
6755,15780,1
6756,15781,1
6757,15782,1
6758,15783,1
6759,15784,1
6760,15785,1
6761,15786,1
6762,15787,1
6763,15788,1
6764,15789,1
6765,15790,1
6766,15791,1
6767,15792,1
6768,15793,1
6769,15794,1
6770,15795,1
6771,15796,1
6772,15797,1
6773,15798,1
6774,15799,1
6775,15800,1
6776,15801,1
6777,15802,1
6778,15803,1
6779,15804,1
6780,15805,1
6781,15806,1
6782,15807,1
6783,15808,1
6784,15809,1
6785,15810,1
6786,15811,1
6787,15812,1
6788,15813,1
6789,15814,1
6790,15815,1
6791,15816,1
6792,15817,1
6793,15818,1
6794,15819,1
6795,15820,1
6796,15821,1
6797,15822,1
6798,15823,1
6799,15824,1
6800,15825,1
6801,15826,1
6802,15827,1
6803,15828,1
6804,15829,1
6805,15830,1
6806,15831,1
6807,15832,1
6808,15833,1
6809,15834,1
6810,15835,1
6811,15836,1
6812,15837,1
6813,15838,1
6814,15839,1
6815,15840,1
6816,15841,1
6817,15842,1
6818,15843,1
6819,15844,1
6820,15845,1
6821,15846,1
6822,15847,1
6823,15848,1
6824,15849,1
6825,15850,1
6826,15851,1
6827,15852,1
6828,15853,1
6829,15854,1
6830,15855,1
6831,15856,1
6832,15857,1
6833,15858,1
6834,15859,1
6835,15860,1
6836,15861,1
6837,15862,1
6838,15863,1
6839,15864,1
6840,15865,1
6841,15866,1
6842,15867,1
6843,15868,1
6844,15869,1
6845,15870,1
6846,15871,1
6847,15872,1
6848,15873,1
6849,15874,1
6850,15875,1
6851,15876,1
6852,15877,1
6853,15878,1
6854,15879,1
6855,15880,1
6856,15881,1
6857,15882,1
6858,15883,1
6859,15884,1
6860,15885,1
6861,15886,1
6862,15887,1
6863,15888,1
6864,15889,1
6865,15890,1
6866,15891,1
6867,15892,1
6868,15893,1
6869,15894,1
6870,15895,1
6871,15896,1
6872,15897,1
6873,15898,1
6874,15899,1
6875,15900,1
6876,15901,1
6877,15902,1
6878,15903,1
6879,15904,1
6880,15905,1
6881,15906,1
6882,15907,1
6883,15908,1
6884,15909,1
6885,15910,1
6886,15911,1
6887,15912,1
6888,15913,1
6889,15914,1
6890,15915,1
6891,15916,1
6892,15917,1
6893,15918,1
6894,15919,1
6895,15920,1
6896,15921,1
6897,15922,1
6898,15923,1
6899,15924,1
6900,15925,1
6901,15926,1
6902,15927,1
6903,15928,1
6904,15929,1
6905,15930,1
6906,15931,1
6907,15932,1
6908,15933,1
6909,15934,1
6910,15935,1
6911,15936,1
6912,15937,1
6913,15938,1
6914,15939,1
6915,15940,1
6916,15941,1
6917,15942,1
6918,15943,1
6919,15944,1
6920,15945,1
6921,15946,1
6922,15947,1
6923,15948,1
6924,15949,1
6925,15950,1
6926,15951,1
6927,15952,1
6928,15953,1
6929,15954,1
6930,15955,1
6931,15956,1
6932,15957,1
6933,15958,1
6934,15959,1
6935,15960,1
6936,15961,1
6937,15962,1
6938,15963,1
6939,15964,1
6940,15965,1
6941,15966,1
6942,15967,1
6943,15968,1
6944,15969,1
6945,15970,1
6946,15971,1
6947,15972,1
6948,15973,1
6949,15974,1
6950,15975,1
6951,15976,1
6952,15977,1
6953,15978,1
6954,15979,1
6955,15980,1
6956,15981,1
6957,15982,1
6958,15983,1
6959,15984,1
6960,15985,1
6961,15986,1
6962,15987,1
6963,15988,1
6964,15989,1
6965,15990,1
6966,15991,1
6967,15992,1
6968,15993,1
6969,15994,1
6970,15995,1
6971,15996,1
6972,15997,1
6973,15998,1
6974,15999,1
6975,16000,1
6976,16001,1
6977,16002,1
6978,16003,1
6979,16004,1
6980,16005,1
6981,16006,1
6982,16007,1
6983,16008,1
6984,16009,1
6985,16010,1
6986,16011,1
6987,16012,1
6988,16013,1
6989,16014,1
6990,16015,1
6991,16016,1
6992,16017,1
6993,16018,1
6994,16019,1
6995,16020,1
6996,16021,1
6997,16022,1
6998,16023,1
6999,16024,1
7000,16025,1
7001,16026,1
7002,16027,1
7003,16028,1
7004,16029,1
7005,16030,1
7006,16031,1
7007,16032,1
7008,16033,1
7009,16034,1
7010,16035,1
7011,16036,1
7012,16037,1
7013,16038,1
7014,16039,1
7015,16040,1
7016,16041,1
7017,16042,1
7018,16043,1
7019,16044,1
7020,16045,1
7021,16046,1
7022,16047,1
7023,16048,1
7024,16049,1
7025,16050,1
7026,16051,1
7027,16052,1
7028,16053,1
7029,16054,1
7030,16055,1
7031,16056,1
7032,16057,1
7033,16058,1
7034,16059,1
7035,16060,1
7036,16061,1
7037,16062,1
7038,16063,1
7039,16064,1
7040,16065,1
7041,16066,1
7042,16067,1
7043,16068,1
7044,16069,1
7045,16070,1
7046,16071,1
7047,16072,1
7048,16073,1
7049,16074,1
7050,16075,1
9042,16076,1
9043,16077,1
9044,16078,1
9045,16079,1
9046,16080,1
9047,16081,1
9048,16082,1
9049,16083,1
9050,16084,1
9051,16085,1
9052,16086,1
9053,16087,1
9054,16088,1
9055,16089,1
9056,16090,1
9057,16091,1
9058,16092,1
9059,16093,1
9060,16094,1
9061,16095,1
9062,16096,1
9063,16097,1
9064,16098,1
9065,16099,1
9066,16100,1
9067,16101,1
9068,16102,1
9069,16103,1
9070,16104,1
9071,16105,1
9072,16106,1
9073,16107,1
9074,16108,1
9075,16109,1
9076,16110,1
9077,16111,1
9078,16112,1
9079,16113,1
9080,16114,1
9081,16115,1
9082,16116,1
9083,16117,1
9084,16118,1
9085,16119,1
9086,16120,1
9087,16121,1
9088,16122,1
9089,16123,1
9090,16124,1
9091,16125,1
9092,16126,1
9093,16127,1
9094,16128,1
9095,16129,1
9096,16130,1
9097,16131,1
9098,16132,1
9099,16133,1
9100,16134,1
9101,16135,1
9102,16136,1
9103,16137,1
9104,16138,1
9105,16139,1
9106,16140,1
9107,16141,1
9108,16142,1
9109,16143,1
9110,16144,1
9111,16145,1
9112,16146,1
9113,16147,1
9114,16148,1
9115,16149,1
9116,16150,1
9117,16151,1
9118,16152,1
9119,16153,1
9120,16154,1
9121,16155,1
9122,16156,1
9123,16157,1
9124,16158,1
9125,16159,1
9126,16160,1
9127,16161,1
9128,16162,1
9129,16163,1
9130,16164,1
9131,16165,1
9132,16166,1
9133,16167,1
9134,16168,1
9135,16169,1
9136,16170,1
9137,16171,1
9138,16172,1
9139,16173,1
9140,16174,1
9141,16175,1
9142,16176,1
9143,16177,1
9144,16178,1
9145,16179,1
9146,16180,1
9147,16181,1
9148,16182,1
9149,16183,1
9150,16184,1
9151,16185,1
9152,16186,1
9153,16187,1
9154,16188,1
9155,16189,1
9156,16190,1
9157,16191,1
9158,16192,1
9159,16193,1
9160,16194,1
9161,16195,1
9162,16196,1
9163,16197,1
9164,16198,1
9165,16199,1
9166,16200,1
9167,16201,1
9168,16202,1
9169,16203,1
9170,16204,1
9171,16205,1
9172,16206,1
9173,16207,1
9174,16208,1
9175,16209,1
9176,16210,1
9177,16211,1
9178,16212,1
9179,16213,1
9180,16214,1
9181,16215,1
9182,16216,1
9183,16217,1
9184,16218,1
9185,16219,1
9186,16220,1
9187,16221,1
9188,16222,1
9189,16223,1
9190,16224,1
9191,16225,1
9192,16226,1
9193,16227,1
9194,16228,1
9195,16229,1
9196,16230,1
9197,16231,1
9198,16232,1
9199,16233,1
9200,16234,1
9201,16235,1
9202,16236,1
9203,16237,1
9204,16238,1
9205,16239,1
9206,16240,1
9207,16241,1
9208,16242,1
9209,16243,1
9210,16244,1
9211,16245,1
9212,16246,1
9213,16247,1
9214,16248,1
9215,16249,1
9216,16250,1
9217,16251,1
9218,16252,1
9219,16253,1
9220,16254,1
9221,16255,1
9222,16256,1
9223,16257,1
9224,16258,1
9225,16259,1
9226,16260,1
9227,16261,1
9228,16262,1
9229,16263,1
9230,16264,1
9231,16265,1
9232,16266,1
9233,16267,1
9234,16268,1
9235,16269,1
9236,16270,1
9237,16271,1
9238,16272,1
9239,16273,1
9240,16274,1
9241,16275,1
9242,16276,1
9243,16277,1
9244,16278,1
9245,16279,1
9246,16280,1
9247,16281,1
9248,16282,1
9249,16283,1
9250,16284,1
9251,16285,1
9252,16286,1
9253,16287,1
9254,16288,1
9255,16289,1
9256,16290,1
9257,16291,1
9258,16292,1
9259,16293,1
9260,16294,1
9261,16295,1
9262,16296,1
9263,16297,1
9264,16298,1
9265,16299,1
9266,16300,1
9267,16301,1
9268,16302,1
9269,16303,1
9270,16304,1
9271,16305,1
9272,16306,1
9273,16307,1
9274,16308,1
9275,16309,1
9276,16310,1
9277,16311,1
9278,16312,1
9279,16313,1
9280,16314,1
9281,16315,1
9282,16316,1
9283,16317,1
9284,16318,1
9285,16319,1
9286,16320,1
9287,16321,1
9288,16322,1
9289,16323,1
9290,16324,1
9291,16325,1
9292,16326,1
9293,16327,1
9294,16328,1
9295,16329,1
9296,16330,1
9297,16331,1
9298,16332,1
9299,16333,1
9300,16334,1
9301,16335,1
9302,16336,1
9303,16337,1
9304,16338,1
9305,16339,1
9306,16340,1
9307,16341,1
9308,16342,1
9309,16343,1
9310,16344,1
9311,16345,1
9312,16346,1
9313,16347,1
9314,16348,1
9315,16349,1
9316,16350,1
9317,16351,1
9318,16352,1
9319,16353,1
9320,16354,1
9321,16355,1
9322,16356,1
9323,16357,1
9324,16358,1
9325,16359,1
9326,16360,1
9327,16361,1
9328,16362,1
9329,16363,1
9330,16364,1
9331,16365,1
9332,16366,1
9333,16367,1
9334,16368,1
9335,16369,1
9336,16370,1
9337,16371,1
9338,16372,1
9339,16373,1
9340,16374,1
9341,16375,1
9342,16376,1
9343,16377,1
9344,16378,1
9345,16379,1
9346,16380,1
9347,16381,1
9348,16382,1
9349,16383,1
9350,16384,1
9351,16385,1
9352,16386,1
9353,16387,1
9354,16388,1
9355,16389,1
9356,16390,1
9357,16391,1
9358,16392,1
9359,16393,1
9360,16394,1
9361,16395,1
9362,16396,1
9363,16397,1
9364,16398,1
9365,16399,1
9366,16400,1
9367,16401,1
9368,16402,1
9369,16403,1
9370,16404,1
9371,16405,1
9372,16406,1
9373,16407,1
9374,16408,1
9375,16409,1
9376,16410,1
9377,16411,1
9378,16412,1
9379,16413,1
9380,16414,1
9381,16415,1
9382,16416,1
9383,16417,1
9384,16418,1
9385,16419,1
9386,16420,1
9387,16421,1
9388,16422,1
9389,16423,1
9390,16424,1
9391,16425,1
9392,16426,1
9393,16427,1
9394,16428,1
9395,16429,1
9396,16430,1
9397,16431,1
9398,16432,1
9399,16433,1
9400,16434,1
9401,16435,1
9402,16436,1
9403,16437,1
9404,16438,1
9405,16439,1
9406,16440,1
9407,16441,1
9408,16442,1
9409,16443,1
9410,16444,1
9411,16445,1
9412,16446,1
9413,16447,1
9414,16448,1
9415,16449,1
9416,16450,1
9417,16451,1
9418,16452,1
9419,16453,1
9420,16454,1
9421,16455,1
9422,16456,1
9423,16457,1
9424,16458,1
9425,16459,1
9426,16460,1
9427,16461,1
9428,16462,1
9429,16463,1
9430,16464,1
9431,16465,1
9432,16466,1
9433,16467,1
9434,16468,1
9435,16469,1
9436,16470,1
9437,16471,1
9438,16472,1
9439,16473,1
9440,16474,1
9441,16475,1
9442,16476,1
9443,16477,1
9444,16478,1
9445,16479,1
9446,16480,1
9447,16481,1
9448,16482,1
9449,16483,1
9450,16484,1
9451,16485,1
9452,16486,1
9453,16487,1
9454,16488,1
9455,16489,1
9456,16490,1
9457,16491,1
9458,16492,1
9459,16493,1
9460,16494,1
9461,16495,1
9462,16496,1
9463,16497,1
9464,16498,1
9465,16499,1
9466,16500,1
9467,16501,1
9468,16502,1
9469,16503,1
9470,16504,1
9471,16505,1
9472,16506,1
9473,16507,1
9474,16508,1
9475,16509,1
9476,16510,1
9477,16511,1
9478,16512,1
9479,16513,1
9480,16514,1
9481,16515,1
9482,16516,1
9483,16517,1
9484,16518,1
9485,16519,1
9486,16520,1
9487,16521,1
9488,16522,1
9489,16523,1
9490,16524,1
9491,16525,1
9492,16526,1
9493,16527,1
9494,16528,1
9495,16529,1
9496,16530,1
9497,16531,1
9498,16532,1
9499,16533,1
9500,16534,1
9501,16535,1
9502,16536,1
9503,16537,1
9504,16538,1
9505,16539,1
9506,16540,1
9507,16541,1
9508,16542,1
9509,16543,1
9510,16544,1
9511,16545,1
9512,16546,1
9513,16547,1
9514,16548,1
9515,16549,1
9516,16550,1
9517,16551,1
9518,16552,1
9519,16553,1
9520,16554,1
9521,16555,1
9522,16556,1
9523,16557,1
9524,16558,1
9525,16559,1
9526,16560,1
9527,16561,1
9528,16562,1
9529,16563,1
9530,16564,1
9531,16565,1
9532,16566,1
9533,16567,1
9534,16568,1
9535,16569,1
9536,16570,1
9537,16571,1
9538,16572,1
9539,16573,1
9540,16574,1
9541,16575,1
9542,16576,1
9543,16577,1
9544,16578,1
9545,16579,1
9546,16580,1
9547,16581,1
9548,16582,1
9549,16583,1
9550,16584,1
9551,16585,1
9552,16586,1
9553,16587,1
9554,16588,1
9555,16589,1
9556,16590,1
9557,16591,1
9558,16592,1
9559,16593,1
9560,16594,1
9561,16595,1
9562,16596,1
9563,16597,1
9564,16598,1
9565,16599,1
9566,16600,1
9567,16601,1
9568,16602,1
9569,16603,1
9570,16604,1
9571,16605,1
9572,16606,1
9573,16607,1
9574,16608,1
9575,16609,1
9576,16610,1
9577,16611,1
9578,16612,1
9579,16613,1
9580,16614,1
9581,16615,1
9582,16616,1
9583,16617,1
9584,16618,1
9585,16619,1
9586,16620,1
9587,16621,1
9588,16622,1
9589,16623,1
9590,16624,1
9591,16625,1
9592,16626,1
9593,16627,1
9594,16628,1
9595,16629,1
9596,16630,1
9597,16631,1
9598,16632,1
9599,16633,1
9600,16634,1
9601,16635,1
9602,16636,1
9603,16637,1
9604,16638,1
9605,16639,1
9606,16640,1
9607,16641,1
9608,16642,1
9609,16643,1
9610,16644,1
9611,16645,1
9612,16646,1
9613,16647,1
9614,16648,1
9615,16649,1
9616,16650,1
9617,16651,1
9618,16652,1
9619,16653,1
9620,16654,1
9621,16655,1
9622,16656,1
9623,16657,1
9624,16658,1
9625,16659,1
9626,16660,1
9627,16661,1
9628,16662,1
9629,16663,1
9630,16664,1
9631,16665,1
9632,16666,1
9633,16667,1
9634,16668,1
9635,16669,1
9636,16670,1
9637,16671,1
9638,16672,1
9639,16673,1
9640,16674,1
9641,16675,1
9642,16676,1
9643,16677,1
9644,16678,1
9645,16679,1
9646,16680,1
9647,16681,1
9648,16682,1
9649,16683,1
9650,16684,1
9651,16685,1
9652,16686,1
9653,16687,1
9654,16688,1
9655,16689,1
9656,16690,1
9657,16691,1
9658,16692,1
9659,16693,1
9660,16694,1
9661,16695,1
9662,16696,1
9663,16697,1
9664,16698,1
9665,16699,1
9666,16700,1
9667,16701,1
9668,16702,1
9669,16703,1
9670,16704,1
9671,16705,1
9672,16706,1
9673,16707,1
9674,16708,1
9675,16709,1
9676,16710,1
9677,16711,1
9678,16712,1
9679,16713,1
9680,16714,1
9681,16715,1
9682,16716,1
9683,16717,1
9684,16718,1
9685,16719,1
9686,16720,1
9687,16721,1
9688,16722,1
9689,16723,1
9690,16724,1
9691,16725,1
9692,16726,1
9693,16727,1
9694,16728,1
9695,16729,1
9696,16730,1
9697,16731,1
9698,16732,1
9699,16733,1
9700,16734,1
9701,16735,1
9702,16736,1
9703,16737,1
9704,16738,1
9705,16739,1
9706,16740,1
9707,16741,1
9708,16742,1
9709,16743,1
9710,16744,1
9711,16745,1
9712,16746,1
9713,16747,1
9714,16748,1
9715,16749,1
9716,16750,1
9717,16751,1
9718,16752,1
9719,16753,1
9720,16754,1
9721,16755,1
9722,16756,1
9723,16757,1
9724,16758,1
9725,16759,1
9726,16760,1
9727,16761,1
9728,16762,1
9729,16763,1
9730,16764,1
9731,16765,1
9732,16766,1
9733,16767,1
9734,16768,1
9735,16769,1
9736,16770,1
9737,16771,1
9738,16772,1
9739,16773,1
9740,16774,1
9741,16775,1
9742,16776,1
9743,16777,1
9744,16778,1
9745,16779,1
9746,16780,1
9747,16781,1
9748,16782,1
9749,16783,1
9750,16784,1
9751,16785,1
9752,16786,1
9753,16787,1
9754,16788,1
9755,16789,1
9756,16790,1
9757,16791,1
9758,16792,1
9759,16793,1
9760,16794,1
9761,16795,1
9762,16796,1
9763,16797,1
9764,16798,1
9765,16799,1
9766,16800,1
9767,16801,1
9768,16802,1
9769,16803,1
9770,16804,1
9771,16805,1
9772,16806,1
9773,16807,1
9774,16808,1
9775,16809,1
9776,16810,1
9777,16811,1
9778,16812,1
9779,16813,1
9780,16814,1
9781,16815,1
9782,16816,1
9783,16817,1
9784,16818,1
9785,16819,1
9786,16820,1
9787,16821,1
9788,16822,1
9789,16823,1
9790,16824,1
9791,16825,1
9792,16826,1
9793,16827,1
9794,16828,1
9795,16829,1
9796,16830,1
9797,16831,1
9798,16832,1
9799,16833,1
9800,16834,1
9801,16835,1
9802,16836,1
9803,16837,1
9804,16838,1
9805,16839,1
9806,16840,1
9807,16841,1
9808,16842,1
9809,16843,1
9810,16844,1
9811,16845,1
9812,16846,1
9813,16847,1
9814,16848,1
9815,16849,1
9816,16850,1
9817,16851,1
9818,16852,1
9819,16853,1
9820,16854,1
9821,16855,1
9822,16856,1
9823,16857,1
9824,16858,1
9825,16859,1
9826,16860,1
9827,16861,1
9828,16862,1
9829,16863,1
9830,16864,1
9831,16865,1
9832,16866,1
9833,16867,1
9834,16868,1
9835,16869,1
9836,16870,1
9837,16871,1
9838,16872,1
9839,16873,1
9840,16874,1
9841,16875,1
9842,16876,1
9843,16877,1
9844,16878,1
9845,16879,1
9846,16880,1
9847,16881,1
9848,16882,1
9849,16883,1
9850,16884,1
9851,16885,1
9852,16886,1
9853,16887,1
9854,16888,1
9855,16889,1
9856,16890,1
9857,16891,1
9858,16892,1
9859,16893,1
9860,16894,1
9861,16895,1
9862,16896,1
9863,16897,1
9864,16898,1
9865,16899,1
9866,16900,1
9867,16901,1
9868,16902,1
9869,16903,1
9870,16904,1
9871,16905,1
9872,16906,1
9873,16907,1
9874,16908,1
9875,16909,1
9876,16910,1
9877,16911,1
9878,16912,1
9879,16913,1
9880,16914,1
9881,16915,1
9882,16916,1
9883,16917,1
9884,16918,1
9885,16919,1
9886,16920,1
9887,16921,1
9888,16922,1
9889,16923,1
9890,16924,1
9891,16925,1
9892,16926,1
9893,16927,1
9894,16928,1
9895,16929,1
9896,16930,1
9897,16931,1
9898,16932,1
9899,16933,1
9900,16934,1
9901,16935,1
9902,16936,1
9903,16937,1
9904,16938,1
9905,16939,1
9906,16940,1
9907,16941,1
9908,16942,1
9909,16943,1
9910,16944,1
9911,16945,1
9912,16946,1
9913,16947,1
9914,16948,1
9915,16949,1
9916,16950,1
9917,16951,1
9918,16952,1
9919,16953,1
9920,16954,1
9921,16955,1
9922,16956,1
9923,16957,1
9924,16958,1
9925,16959,1
9926,16960,1
9927,16961,1
9928,16962,1
9929,16963,1
9930,16964,1
9931,16965,1
9932,16966,1
9933,16967,1
9934,16968,1
9935,16969,1
9936,16970,1
9937,16971,1
9938,16972,1
9939,16973,1
9940,16974,1
9941,16975,1
9942,16976,1
9943,16977,1
9944,16978,1
9945,16979,1
9946,16980,1
9947,16981,1
9948,16982,1
9949,16983,1
9950,16984,1
9951,16985,1
9952,16986,1
9953,16987,1
9954,16988,1
9955,16989,1
9956,16990,1
9957,16991,1
9958,16992,1
9959,16993,1
9960,16994,1
9961,16995,1
9962,16996,1
9963,16997,1
9964,16998,1
9965,16999,1
9966,17000,1
9967,17001,1
9968,17002,1
9969,17003,1
9970,17004,1
9971,17005,1
9972,17006,1
9973,17007,1
9974,17008,1
9975,17009,1
9976,17010,1
9977,17011,1
9978,17012,1
9979,17013,1
9980,17014,1
9981,17015,1
9982,17016,1
9983,17017,1
9984,17018,1
9985,17019,1
9986,17020,1
9987,17021,1
9988,17022,1
9989,17023,1
9990,17024,1
9991,17025,1
9992,17026,1
9993,17027,1
9994,17028,1
9995,17029,1
9996,17030,1
9997,17031,1
9998,17032,1
9999,17033,1
10000,17034,1
10001,17035,1
10002,17036,1
10003,17037,1
10004,17038,1
10005,17039,1
10006,17040,1
10007,17041,1
10008,17042,1
10009,17043,1
10010,17044,1
10011,17045,1
10012,17046,1
10013,17047,1
10014,17048,1
10015,17049,1
10016,17050,1
10017,17051,1
10018,17052,1
10019,17053,1
10020,17054,1
10021,17055,1
10022,17056,1
10023,17057,1
10024,17058,1
10025,17059,1
10026,17060,1
10027,17061,1
10028,17062,1
10029,17063,1
10030,17064,1
10031,17065,1
10032,17066,1
10033,17067,1
10034,17068,1
10035,17069,1
10036,17070,1
10037,17071,1
10038,17072,1
10039,17073,1
10040,17074,1
10041,17075,1
10042,17076,1
10043,17077,1
10044,17078,1
10045,17079,1
10046,17080,1
10047,17081,1
10048,17082,1
10049,17083,1
10050,17084,1
10051,17085,1
10052,17086,1
10053,17087,1
10054,17088,1
10055,17089,1
10056,17090,1
10057,17091,1
10058,17092,1
10059,17093,1
10060,17094,1
10061,17095,1
10062,17096,1
10063,17097,1
10064,17098,1
10065,17099,1
10066,17100,1
10067,17101,1
10068,17102,1
10069,17103,1
10070,17104,1
10071,17105,1
10072,17106,1
10073,17107,1
10074,17108,1
10075,17109,1
10076,17110,1
10077,17111,1
10078,17112,1
10079,17113,1
10080,17114,1
10081,17115,1
10082,17116,1
10083,17117,1
10084,17118,1
10085,17119,1
10086,17120,1
10087,17121,1
10088,17122,1
10089,17123,1
10090,17124,1
10091,17125,1
10092,17126,1
10093,17127,1
10094,17128,1
10095,17129,1
10096,17130,1
10097,17131,1
10098,17132,1
10099,17133,1
10100,17134,1
10101,17135,1
10102,17136,1
10103,17137,1
10104,17138,1
10105,17139,1
10106,17140,1
10107,17141,1
10108,17142,1
10109,17143,1
10110,17144,1
10111,17145,1
10112,17146,1
10113,17147,1
10114,17148,1
10115,17149,1
10116,17150,1
10117,17151,1
10118,17152,1
10119,17153,1
10120,17154,1
10121,17155,1
10122,17156,1
10123,17157,1
10124,17158,1
10125,17159,1
10126,17160,1
10127,17161,1
10128,17162,1
10129,17163,1
10130,17164,1
10131,17165,1
10132,17166,1
10133,17167,1
10134,17168,1
10135,17169,1
10136,17170,1
10137,17171,1
10138,17172,1
10139,17173,1
10140,17174,1
10141,17175,1
10142,17176,1
10143,17177,1
10144,17178,1
10145,17179,1
10146,17180,1
10147,17181,1
10148,17182,1
10149,17183,1
10150,17184,1
10151,17185,1
10152,17186,1
10153,17187,1
10154,17188,1
10155,17189,1
10156,17190,1
10157,17191,1
10158,17192,1
10159,17193,1
10160,17194,1
10161,17195,1
10162,17196,1
10163,17197,1
10164,17198,1
10165,17199,1
10166,17200,1
10167,17201,1
10168,17202,1
10169,17203,1
10170,17204,1
10171,17205,1
10172,17206,1
10173,17207,1
10174,17208,1
10175,17209,1
10176,17210,1
10177,17211,1
10178,17212,1
10179,17213,1
10180,17214,1
10181,17215,1
10182,17216,1
10183,17217,1
10184,17218,1
10185,17219,1
10186,17220,1
10187,17221,1
10188,17222,1
10189,17223,1
10190,17224,1
10191,17225,1
10192,17226,1
10193,17227,1
10194,17228,1
10195,17229,1
10196,17230,1
10197,17231,1
10198,17232,1
10199,17233,1
10200,17234,1
10201,17235,1
10202,17236,1
10203,17237,1
10204,17238,1
10205,17239,1
10206,17240,1
10207,17241,1
10208,17242,1
10209,17243,1
10210,17244,1
10211,17245,1
10212,17246,1
10213,17247,1
10214,17248,1
10215,17249,1
10216,17250,1
10217,17251,1
10218,17252,1
10219,17253,1
10220,17254,1
10221,17255,1
10222,17256,1
10223,17257,1
10224,17258,1
10225,17259,1
10226,17260,1
10227,17261,1
10228,17262,1
10229,17263,1
10230,17264,1
10231,17265,1
10232,17266,1
10233,17267,1
10234,17268,1
10235,17269,1
10236,17270,1
10237,17271,1
10238,17272,1
10239,17273,1
10240,17274,1
10241,17275,1
10242,17276,1
10243,17277,1
10244,17278,1
10245,17279,1
10246,17280,1
10247,17281,1
10248,17282,1
10249,17283,1
10250,17284,1
10251,17285,1
10252,17286,1
10253,17287,1
10254,17288,1
10255,17289,1
10256,17290,1
10257,17291,1
10258,17292,1
10259,17293,1
10260,17294,1
10261,17295,1
10262,17296,1
10263,17297,1
10264,17298,1
10265,17299,1
10266,17300,1
10267,17301,1
10268,17302,1
10269,17303,1
10270,17304,1
10271,17305,1
10272,17306,1
10273,17307,1
10274,17308,1
10275,17309,1
10276,17310,1
10277,17311,1
10278,17312,1
10279,17313,1
10280,17314,1
10281,17315,1
10282,17316,1
10283,17317,1
10284,17318,1
10285,17319,1
10286,17320,1
10287,17321,1
10288,17322,1
10289,17323,1
10290,17324,1
10291,17325,1
10292,17326,1
10293,17327,1
10294,17328,1
10295,17329,1
10296,17330,1
10297,17331,1
10298,17332,1
10299,17333,1
10300,17334,1
10301,17335,1
10302,17336,1
10303,17337,1
10304,17338,1
10305,17339,1
10306,17340,1
10307,17341,1
10308,17342,1
10309,17343,1
10310,17344,1
10311,17345,1
10312,17346,1
10313,17347,1
10314,17348,1
10315,17349,1
10316,17350,1
10317,17351,1
10318,17352,1
10319,17353,1
10320,17354,1
10321,17355,1
10322,17356,1
10323,17357,1
10324,17358,1
10325,17359,1
10326,17360,1
10327,17361,1
10328,17362,1
10329,17363,1
10330,17364,1
10331,17365,1
10332,17366,1
10333,17367,1
10334,17368,1
10335,17369,1
10336,17370,1
10337,17371,1
10338,17372,1
10339,17373,1
10340,17374,1
10341,17375,1
10342,17376,1
10343,17377,1
10344,17378,1
10345,17379,1
10346,17380,1
10347,17381,1
10348,17382,1
10349,17383,1
10350,17384,1
10351,17385,1
10352,17386,1
10353,17387,1
10354,17388,1
10355,17389,1
10356,17390,1
10357,17391,1
10358,17392,1
10359,17393,1
10360,17394,1
10361,17395,1
10362,17396,1
10363,17397,1
10364,17398,1
10365,17399,1
10366,17400,1
10367,17401,1
10368,17402,1
10369,17403,1
10370,17404,1
10371,17405,1
10372,17406,1
10373,17407,1
10374,17408,1
10375,17409,1
10376,17410,1
10377,17411,1
10378,17412,1
10379,17413,1
10380,17414,1
10381,17415,1
10382,17416,1
10383,17417,1
10384,17418,1
10385,17419,1
10386,17420,1
10387,17421,1
10388,17422,1
10389,17423,1
10390,17424,1
10391,17425,1
10392,17426,1
10393,17427,1
10394,17428,1
10395,17429,1
10396,17430,1
10397,17431,1
10398,17432,1
10399,17433,1
10400,17434,1
10401,17435,1
10402,17436,1
10403,17437,1
10404,17438,1
10405,17439,1
10406,17440,1
10407,17441,1
10408,17442,1
10409,17443,1
10410,17444,1
10411,17445,1
10412,17446,1
10413,17447,1
10414,17448,1
10415,17449,1
10416,17450,1
10417,17451,1
10418,17452,1
10419,17453,1
10420,17454,1
10421,17455,1
10422,17456,1
10423,17457,1
10424,17458,1
10425,17459,1
10426,17460,1
10427,17461,1
10428,17462,1
10429,17463,1
10430,17464,1
10431,17465,1
10432,17466,1
10433,17467,1
10434,17468,1
10435,17469,1
10436,17470,1
10437,17471,1
10438,17472,1
10439,17473,1
10440,17474,1
10441,17475,1
10442,17476,1
10443,17477,1
10444,17478,1
10445,17479,1
10446,17480,1
10447,17481,1
10448,17482,1
10449,17483,1
10450,17484,1
10451,17485,1
10452,17486,1
10453,17487,1
10454,17488,1
10455,17489,1
10456,17490,1
10457,17491,1
10458,17492,1
10459,17493,1
10460,17494,1
10461,17495,1
10462,17496,1
10463,17497,1
10464,17498,1
10465,17499,1
10466,17500,1
10467,17501,1
10468,17502,1
10469,17503,1
10470,17504,1
10471,17505,1
10472,17506,1
10473,17507,1
10474,17508,1
10475,17509,1
10476,17510,1
10477,17511,1
10478,17512,1
10479,17513,1
10480,17514,1
10481,17515,1
10482,17516,1
10483,17517,1
10484,17518,1
10485,17519,1
10486,17520,1
10487,17521,1
10488,17522,1
10489,17523,1
10490,17524,1
10491,17525,1
10492,17526,1
10493,17527,1
10494,17528,1
10495,17529,1
10496,17530,1
10497,17531,1
10498,17532,1
10499,17533,1
10500,17534,1
10501,17535,1
10502,17536,1
10503,17537,1
10504,17538,1
10505,17539,1
10506,17540,1
10507,17541,1
10508,17542,1
10509,17543,1
10510,17544,1
10511,17545,1
10512,17546,1
10513,17547,1
10514,17548,1
10515,17549,1
10516,17550,1
10517,17551,1
10518,17552,1
10519,17553,1
10520,17554,1
10521,17555,1
10522,17556,1
10523,17557,1
10524,17558,1
10525,17559,1
10526,17560,1
10527,17561,1
10528,17562,1
10529,17563,1
10530,17564,1
10531,17565,1
10532,17566,1
10533,17567,1
10534,17568,1
10535,17569,1
10536,17570,1
10537,17571,1
10538,17572,1
10539,17573,1
10540,17574,1
10541,17575,1
10542,17576,1
10543,17577,1
10544,17578,1
10545,17579,1
10546,17580,1
10547,17581,1
10548,17582,1
10549,17583,1
10550,17584,1
10551,17585,1
10552,17586,1
10553,17587,1
10554,17588,1
10555,17589,1
10556,17590,1
10557,17591,1
10558,17592,1
10559,17593,1
10560,17594,1
10561,17595,1
10562,17596,1
10563,17597,1
10564,17598,1
10565,17599,1
10566,17600,1
10567,17601,1
10568,17602,1
10569,17603,1
10570,17604,1
10571,17605,1
10572,17606,1
10573,17607,1
10574,17608,1
10575,17609,1
10576,17610,1
10577,17611,1
10578,17612,1
10579,17613,1
10580,17614,1
10581,17615,1
10582,17616,1
10583,17617,1
10584,17618,1
10585,17619,1
10586,17620,1
10587,17621,1
10588,17622,1
10589,17623,1
10590,17624,1
10591,17625,1
10592,17626,1
10593,17627,1
10594,17628,1
10595,17629,1
10596,17630,1
10597,17631,1
10598,17632,1
10599,17633,1
10600,17634,1
10601,17635,1
10602,17636,1
10603,17637,1
10604,17638,1
10605,17639,1
10606,17640,1
10607,17641,1
10608,17642,1
10609,17643,1
10610,17644,1
10611,17645,1
10612,17646,1
10613,17647,1
10614,17648,1
10615,17649,1
10616,17650,1
10617,17651,1
10618,17652,1
10619,17653,1
10620,17654,1
10621,17655,1
10622,17656,1
10623,17657,1
10624,17658,1
10625,17659,1
10626,17660,1
10627,17661,1
10628,17662,1
10629,17663,1
10630,17664,1
10631,17665,1
10632,17666,1
10633,17667,1
10634,17668,1
10635,17669,1
10636,17670,1
10637,17671,1
10638,17672,1
10639,17673,1
10640,17674,1
10641,17675,1
10642,17676,1
10643,17677,1
10644,17678,1
10645,17679,1
10646,17680,1
10647,17681,1
10648,17682,1
10649,17683,1
10650,17684,1
10651,17685,1
10652,17686,1
10653,17687,1
10654,17688,1
10655,17689,1
10656,17690,1
10657,17691,1
10658,17692,1
10659,17693,1
10660,17694,1
10661,17695,1
10662,17696,1
10663,17697,1
10664,17698,1
10665,17699,1
10666,17700,1
10667,17701,1
10668,17702,1
10669,17703,1
10670,17704,1
10671,17705,1
10672,17706,1
10673,17707,1
10674,17708,1
10675,17709,1
10676,17710,1
10677,17711,1
10678,17712,1
10679,17713,1
10680,17714,1
10681,17715,1
10682,17716,1
10683,17717,1
10684,17718,1
10685,17719,1
10686,17720,1
10687,17721,1
10688,17722,1
10689,17723,1
10690,17724,1
10691,17725,1
10692,17726,1
10693,17727,1
10694,17728,1
10695,17729,1
10696,17730,1
10697,17731,1
10698,17732,1
10699,17733,1
10700,17734,1
10701,17735,1
10702,17736,1
10703,17737,1
10704,17738,1
10705,17739,1
10706,17740,1
10707,17741,1
10708,17742,1
10709,17743,1
10710,17744,1
10711,17745,1
10712,17746,1
10713,17747,1
10714,17748,1
10715,17749,1
10716,17750,1
10717,17751,1
10718,17752,1
10719,17753,1
10720,17754,1
10721,17755,1
10722,17756,1
10723,17757,1
10724,17758,1
10725,17759,1
10726,17760,1
10727,17761,1
10728,17762,1
10729,17763,1
10730,17764,1
10731,17765,1
10732,17766,1
10733,17767,1
10734,17768,1
10735,17769,1
10736,17770,1
10737,17771,1
10738,17772,1
10739,17773,1
10740,17774,1
10741,17775,1
10742,17776,1
10743,17777,1
10744,17778,1
10745,17779,1
10746,17780,1
10747,17781,1
10748,17782,1
10749,17783,1
10750,17784,1
10751,17785,1
10752,17786,1
10753,17787,1
10754,17788,1
10755,17789,1
10756,17790,1
10757,17791,1
10758,17792,1
10759,17793,1
10760,17794,1
10761,17795,1
10762,17796,1
10763,17797,1
10764,17798,1
10765,17799,1
10766,17800,1
10767,17801,1
10768,17802,1
10769,17803,1
10770,17804,1
10771,17805,1
10772,17806,1
10773,17807,1
10774,17808,1
10775,17809,1
10776,17810,1
10777,17811,1
10778,17812,1
10779,17813,1
10780,17814,1
10781,17815,1
10782,17816,1
10783,17817,1
10784,17818,1
10785,17819,1
10786,17820,1
10787,17821,1
10788,17822,1
10789,17823,1
10790,17824,1
10791,17825,1
10792,17826,1
10793,17827,1
10794,17828,1
10795,17829,1
10796,17830,1
10797,17831,1
10798,17832,1
10799,17833,1
10800,17834,1
10801,17835,1
10802,17836,1
10803,17837,1
10804,17838,1
10805,17839,1
10806,17840,1
10807,17841,1
10808,17842,1
10809,17843,1
10810,17844,1
10811,17845,1
10812,17846,1
10813,17847,1
10814,17848,1
10815,17849,1
10816,17850,1
10817,17851,1
10818,17852,1
10819,17853,1
10820,17854,1
10821,17855,1
10822,17856,1
10823,17857,1
10824,17858,1
10825,17859,1
10826,17860,1
10827,17861,1
10828,17862,1
10829,17863,1
10830,17864,1
10831,17865,1
10832,17866,1
10833,17867,1
10834,17868,1
10835,17869,1
10836,17870,1
10837,17871,1
10838,17872,1
10839,17873,1
10840,17874,1
10841,17875,1
10842,17876,1
10843,17877,1
10844,17878,1
10845,17879,1
10846,17880,1
10847,17881,1
10848,17882,1
10849,17883,1
10850,17884,1
10851,17885,1
10852,17886,1
10853,17887,1
10854,17888,1
10855,17889,1
10856,17890,1
10857,17891,1
10858,17892,1
10859,17893,1
10860,17894,1
10861,17895,1
10862,17896,1
10863,17897,1
10864,17898,1
10865,17899,1
10866,17900,1
10867,17901,1
10868,17902,1
10869,17903,1
10870,17904,1
10871,17905,1
10872,17906,1
10873,17907,1
10874,17908,1
10875,17909,1
10876,17910,1
10877,17911,1
10878,17912,1
10879,17913,1
10880,17914,1
10881,17915,1
10882,17916,1
10883,17917,1
10884,17918,1
10885,17919,1
10886,17920,1
10887,17921,1
10888,17922,1
10889,17923,1
10890,17924,1
10891,17925,1
10892,17926,1
10893,17927,1
10894,17928,1
10895,17929,1
10896,17930,1
10897,17931,1
10898,17932,1
10899,17933,1
10900,17934,1
10901,17935,1
10902,17936,1
10903,17937,1
10904,17938,1
10905,17939,1
10906,17940,1
10907,17941,1
10908,17942,1
10909,17943,1
10910,17944,1
10911,17945,1
10912,17946,1
10913,17947,1
10914,17948,1
10915,17949,1
10916,17950,1
10917,17951,1
10918,17952,1
10919,17953,1
10920,17954,1
10921,17955,1
10922,17956,1
10923,17957,1
10924,17958,1
10925,17959,1
10926,17960,1
10927,17961,1
10928,17962,1
10929,17963,1
10930,17964,1
10931,17965,1
10932,17966,1
10933,17967,1
10934,17968,1
10935,17969,1
10936,17970,1
10937,17971,1
10938,17972,1
10939,17973,1
10940,17974,1
10941,17975,1
10942,17976,1
10943,17977,1
10944,17978,1
10945,17979,1
10946,17980,1
10947,17981,1
10948,17982,1
10949,17983,1
10950,17984,1
10951,17985,1
10952,17986,1
10953,17987,1
10954,17988,1
10955,17989,1
10956,17990,1
10957,17991,1
10958,17992,1
10959,17993,1
10960,17994,1
10961,17995,1
10962,17996,1
10963,17997,1
10964,17998,1
10965,17999,1
10966,18000,1
10967,18001,1
10968,18002,1
10969,18003,1
10970,18004,1
10971,18005,1
10972,18006,1
10973,18007,1
10974,18008,1
10975,18009,1
10976,18010,1
10977,18011,1
10978,18012,1
10979,18013,1
10980,18014,1
10981,18015,1
10982,18016,1
10983,18017,1
10984,18018,1
10985,18019,1
10986,18020,1
10987,18021,1
10988,18022,1
10989,18023,1
10990,18024,1
10991,18025,1
10992,18026,1
10993,18027,1
10994,18028,1
10995,18029,1
10996,18030,1
10997,18031,1
10998,18032,1
10999,18033,1
11000,18034,1
11001,18035,1
11002,18036,1
11003,18037,1
11004,18038,1
11005,18039,1
11006,18040,1
11007,18041,1
11008,18042,1
11009,18043,1
11010,18044,1
11011,18045,1
11012,18046,1
11013,18047,1
11014,18048,1
11015,18049,1
11016,18050,1
11017,18051,1
11018,18052,1
11019,18053,1
11020,18054,1
11021,18055,1
11022,18056,1
11023,18057,1
11024,18058,1
11025,18059,1
11026,18060,1
11027,18061,1
11028,18062,1
11029,18063,1
11030,18064,1
11031,18065,1
11032,18066,1
11033,18067,1
11034,18068,1
11035,18069,1
11036,18070,1
11037,18071,1
11038,18072,1
11039,18073,1
11040,18074,1
11041,18075,1
11042,18076,1
11043,18077,1
11044,18078,1
11045,18079,1
11046,18080,1
11047,18081,1
11048,18082,1
11049,18083,1
11050,18084,1
11051,18085,1
11052,18086,1
11053,18087,1
11054,18088,1
11055,18089,1
11056,18090,1
11057,18091,1
11058,18092,1
11059,18093,1
11060,18094,1
11061,18095,1
11062,18096,1
11063,18097,1
11064,18098,1
11065,18099,1
11066,18100,1
11067,18101,1
11068,18102,1
11069,18103,1
11070,18104,1
11071,18105,1
11072,18106,1
11073,18107,1
11074,18108,1
11075,18109,1
11076,18110,1
11077,18111,1
11078,18112,1
11079,18113,1
11080,18114,1
11081,18115,1
11082,18116,1
11083,18117,1
11084,18118,1
11085,18119,1
11086,18120,1
11087,18121,1
11088,18122,1
11089,18123,1
11090,18124,1
11091,18125,1
11092,18126,1
11093,18127,1
11094,18128,1
11095,18129,1
11096,18130,1
11097,18131,1
11098,18132,1
11099,18133,1
11100,18134,1
11101,18135,1
11102,18136,1
11103,18137,1
11104,18138,1
11105,18139,1
11106,18140,1
11107,18141,1
11108,18142,1
11109,18143,1
11110,18144,1
11111,18145,1
11112,18146,1
11113,18147,1
11114,18148,1
11115,18149,1
11116,18150,1
11117,18151,1
11118,18152,1
11119,18153,1
11120,18154,1
11121,18155,1
11122,18156,1
11123,18157,1
11124,18158,1
11125,18159,1
11126,18160,1
11127,18161,1
11128,18162,1
11129,18163,1
11130,18164,1
11131,18165,1
11132,18166,1
11133,18167,1
11134,18168,1
11135,18169,1
11136,18170,1
11137,18171,1
11138,18172,1
11139,18173,1
11140,18174,1
11141,18175,1
11142,18176,1
11143,18177,1
11144,18178,1
11145,18179,1
11146,18180,1
11147,18181,1
11148,18182,1
11149,18183,1
11150,18184,1
11151,18185,1
11152,18186,1
11153,18187,1
11154,18188,1
11155,18189,1
11156,18190,1
11157,18191,1
11158,18192,1
11159,18193,1
11160,18194,1
11161,18195,1
11162,18196,1
11163,18197,1
11164,18198,1
11165,18199,1
11166,18200,1
11167,18201,1
11168,18202,1
11169,18203,1
11170,18204,1
11171,18205,1
11172,18206,1
11173,18207,1
11174,18208,1
11175,18209,1
11176,18210,1
11177,18211,1
11178,18212,1
11179,18213,1
11180,18214,1
11181,18215,1
11182,18216,1
11183,18217,1
11184,18218,1
11185,18219,1
11186,18220,1
11187,18221,1
11188,18222,1
11189,18223,1
11190,18224,1
11191,18225,1
11192,18226,1
11193,18227,1
11194,18228,1
11195,18229,1
11196,18230,1
11197,18231,1
11198,18232,1
11199,18233,1
11200,18234,1
11201,18235,1
11202,18236,1
11203,18237,1
11204,18238,1
11205,18239,1
11206,18240,1
11207,18241,1
11208,18242,1
11209,18243,1
11210,18244,1
11211,18245,1
11212,18246,1
11213,18247,1
11214,18248,1
11215,18249,1
11216,18250,1
11217,18251,1
11218,18252,1
11219,18253,1
11220,18254,1
11221,18255,1
11222,18256,1
11223,18257,1
11224,18258,1
11225,18259,1
11226,18260,1
11227,18261,1
11228,18262,1
11229,18263,1
11230,18264,1
11231,18265,1
11232,18266,1
11233,18267,1
11234,18268,1
11235,18269,1
11236,18270,1
11237,18271,1
11238,18272,1
11239,18273,1
11240,18274,1
11241,18275,1
11242,18276,1
11243,18277,1
11244,18278,1
11245,18279,1
11246,18280,1
11247,18281,1
11248,18282,1
11249,18283,1
11250,18284,1
11251,18285,1
11252,18286,1
11253,18287,1
11254,18288,1
11255,18289,1
11256,18290,1
11257,18291,1
11258,18292,1
11259,18293,1
11260,18294,1
11261,18295,1
11262,18296,1
11263,18297,1
11264,18298,1
11265,18299,1
11266,18300,1
11267,18301,1
11268,18302,1
11269,18303,1
11270,18304,1
11271,18305,1
11272,18306,1
11273,18307,1
11274,18308,1
11275,18309,1
11276,18310,1
11277,18311,1
11278,18312,1
11279,18313,1
11280,18314,1
11281,18315,1
11282,18316,1
11283,18317,1
11284,18318,1
11285,18319,1
11286,18320,1
11287,18321,1
11288,18322,1
11289,18323,1
11290,18324,1
11291,18325,1
11292,18326,1
11293,18327,1
11294,18328,1
11295,18329,1
11296,18330,1
11297,18331,1
11298,18332,1
11299,18333,1
11300,18334,1
11301,18335,1
11302,18336,1
11303,18337,1
11304,18338,1
11305,18339,1
11306,18340,1
11307,18341,1
11308,18342,1
11309,18343,1
11310,18344,1
11311,18345,1
11312,18346,1
11313,18347,1
11314,18348,1
11315,18349,1
11316,18350,1
11317,18351,1
11318,18352,1
11319,18353,1
11320,18354,1
11321,18355,1
11322,18356,1
11323,18357,1
11324,18358,1
11325,18359,1
11326,18360,1
11327,18361,1
11328,18362,1
11329,18363,1
11330,18364,1
11331,18365,1
11332,18366,1
11333,18367,1
11334,18368,1
11335,18369,1
11336,18370,1
11337,18371,1
11338,18372,1
11339,18373,1
11340,18374,1
11341,18375,1
11342,18376,1
11343,18377,1
11344,18378,1
11345,18379,1
11346,18380,1
11347,18381,1
11348,18382,1
11349,18383,1
11350,18384,1
11351,18385,1
11352,18386,1
11353,18387,1
11354,18388,1
11355,18389,1
11356,18390,1
11357,18391,1
11358,18392,1
11359,18393,1
11360,18394,1
11361,18395,1
11362,18396,1
11363,18397,1
11364,18398,1
11365,18399,1
11366,18400,1
11367,18401,1
11368,18402,1
11369,18403,1
11370,18404,1
11371,18405,1
11372,18406,1
11373,18407,1
11374,18408,1
11375,18409,1
11376,18410,1
11377,18411,1
11378,18412,1
11379,18413,1
11380,18414,1
11381,18415,1
11382,18416,1
11383,18417,1
11384,18418,1
11385,18419,1
11386,18420,1
11387,18421,1
11388,18422,1
11389,18423,1
11390,18424,1
11391,18425,1
11392,18426,1
11393,18427,1
11394,18428,1
11395,18429,1
11396,18430,1
11397,18431,1
11398,18432,1
11399,18433,1
11400,18434,1
11401,18435,1
11402,18436,1
11403,18437,1
11404,18438,1
11405,18439,1
11406,18440,1
11407,18441,1
11408,18442,1
11409,18443,1
11410,18444,1
11411,18445,1
11412,18446,1
11413,18447,1
11414,18448,1
11415,18449,1
11416,18450,1
11417,18451,1
11418,18452,1
11419,18453,1
11420,18454,1
11421,18455,1
11422,18456,1
11423,18457,1
11424,18458,1
11425,18459,1
11426,18460,1
11427,18461,1
11428,18462,1
11429,18463,1
11430,18464,1
11431,18465,1
11432,18466,1
11433,18467,1
11434,18468,1
11435,18469,1
11436,18470,1
11437,18471,1
11438,18472,1
11439,18473,1
11440,18474,1
11441,18475,1
11442,18476,1
11443,18477,1
11444,18478,1
11445,18479,1
11446,18480,1
11447,18481,1
11448,18482,1
11449,18483,1
11450,18484,1
11451,18485,1
11452,18486,1
11453,18487,1
11454,18488,1
11455,18489,1
11456,18490,1
11457,18491,1
11458,18492,1
11459,18493,1
11460,18494,1
11461,18495,1
11462,18496,1
11463,18497,1
11464,18498,1
11465,18499,1
11466,18500,1
11467,18501,1
11468,18502,1
11469,18503,1
11470,18504,1
11471,18505,1
11472,18506,1
11473,18507,1
11474,18508,1
11475,18509,1
11476,18510,1
11477,18511,1
11478,18512,1
11479,18513,1
11480,18514,1
11481,18515,1
11482,18516,1
11483,18517,1
11484,18518,1
11485,18519,1
11486,18520,1
11487,18521,1
11488,18522,1
11489,18523,1
11490,18524,1
11491,18525,1
11492,18526,1
11493,18527,1
11494,18528,1
11495,18529,1
11496,18530,1
11497,18531,1
11498,18532,1
11499,18533,1
11500,18534,1
11501,18535,1
11502,18536,1
11503,18537,1
11504,18538,1
11505,18539,1
11506,18540,1
11507,18541,1
11508,18542,1
11509,18543,1
11510,18544,1
11511,18545,1
11512,18546,1
11513,18547,1
11514,18548,1
11515,18549,1
11516,18550,1
11517,18551,1
11518,18552,1
11519,18553,1
11520,18554,1
11521,18555,1
11522,18556,1
11523,18557,1
11524,18558,1
11525,18559,1
11526,18560,1
11527,18561,1
11528,18562,1
11529,18563,1
11530,18564,1
11531,18565,1
11532,18566,1
11533,18567,1
11534,18568,1
11535,18569,1
11536,18570,1
11537,18571,1
11538,18572,1
11539,18573,1
11540,18574,1
11541,18575,1
11542,18576,1
11543,18577,1
11544,18578,1
11545,18579,1
11546,18580,1
11547,18581,1
11548,18582,1
11549,18583,1
11550,18584,1
11551,18585,1
11552,18586,1
11553,18587,1
11554,18588,1
11555,18589,1
11556,18590,1
11557,18591,1
11558,18592,1
11559,18593,1
11560,18594,1
11561,18595,1
11562,18596,1
11563,18597,1
11564,18598,1
11565,18599,1
11566,18600,1
11567,18601,1
11568,18602,1
11569,18603,1
11570,18604,1
11571,18605,1
11572,18606,1
11573,18607,1
11574,18608,1
11575,18609,1
11576,18610,1
11577,18611,1
11578,18612,1
11579,18613,1
11580,18614,1
11581,18615,1
11582,18616,1
11583,18617,1
11584,18618,1
11585,18619,1
11586,18620,1
11587,18621,1
11588,18622,1
11589,18623,1
11590,18624,1
11591,18625,1
11592,18626,1
11593,18627,1
11594,18628,1
11595,18629,1
11596,18630,1
11597,18631,1
11598,18632,1
11599,18633,1
11600,18634,1
11601,18635,1
11602,18636,1
11603,18637,1
11604,18638,1
11605,18639,1
11606,18640,1
11607,18641,1
11608,18642,1
11609,18643,1
11610,18644,1
11611,18645,1
11612,18646,1
11613,18647,1
11614,18648,1
11615,18649,1
11616,18650,1
11617,18651,1
11618,18652,1
11619,18653,1
11620,18654,1
11621,18655,1
11622,18656,1
11623,18657,1
11624,18658,1
11625,18659,1
11626,18660,1
11627,18661,1
11628,18662,1
11629,18663,1
11630,18664,1
11631,18665,1
11632,18666,1
11633,18667,1
11634,18668,1
11635,18669,1
11636,18670,1
11637,18671,1
11638,18672,1
11639,18673,1
11640,18674,1
11641,18675,1
11642,18676,1
11643,18677,1
11644,18678,1
11645,18679,1
11646,18680,1
11647,18681,1
11648,18682,1
11649,18683,1
11650,18684,1
11651,18685,1
11652,18686,1
11653,18687,1
11654,18688,1
11655,18689,1
11656,18690,1
11657,18691,1
11658,18692,1
11659,18693,1
11660,18694,1
11661,18695,1
11662,18696,1
11663,18697,1
11664,18698,1
11665,18699,1
11666,18700,1
11667,18701,1
11668,18702,1
11669,18703,1
11670,18704,1
11671,18705,1
11672,18706,1
11673,18707,1
11674,18708,1
11675,18709,1
11676,18710,1
11677,18711,1
11678,18712,1
11679,18713,1
11680,18714,1
11681,18715,1
11682,18716,1
11683,18717,1
11684,18718,1
11685,18719,1
11686,18720,1
11687,18721,1
11688,18722,1
11689,18723,1
11690,18724,1
11691,18725,1
11692,18726,1
11693,18727,1
11694,18728,1
11695,18729,1
11696,18730,1
11697,18731,1
11698,18732,1
11699,18733,1
11700,18734,1
11701,18735,1
11702,18736,1
11703,18737,1
11704,18738,1
11705,18739,1
11706,18740,1
11707,18741,1
11708,18742,1
11709,18743,1
11710,18744,1
11711,18745,1
11712,18746,1
11713,18747,1
11714,18748,1
11715,18749,1
11716,18750,1
11717,18751,1
11718,18752,1
11719,18753,1
11720,18754,1
11721,18755,1
11722,18756,1
11723,18757,1
11724,18758,1
11725,18759,1
11726,18760,1
11727,18761,1
11728,18762,1
11729,18763,1
11730,18764,1
11731,18765,1
11732,18766,1
11733,18767,1
11734,18768,1
11735,18769,1
11736,18770,1
11737,18771,1
11738,18772,1
11739,18773,1
11740,18774,1
11741,18775,1
11742,18776,1
11743,18777,1
11744,18778,1
11745,18779,1
11746,18780,1
11747,18781,1
11748,18782,1
11749,18783,1
11750,18784,1
11751,18785,1
11752,18786,1
11753,18787,1
11754,18788,1
11755,18789,1
11756,18790,1
11757,18791,1
11758,18792,1
11759,18793,1
11760,18794,1
11761,18795,1
11762,18796,1
11763,18797,1
11764,18798,1
11765,18799,1
11766,18800,1
11767,18801,1
11768,18802,1
11769,18803,1
11770,18804,1
11771,18805,1
11772,18806,1
11773,18807,1
11774,18808,1
11775,18809,1
11776,18810,1
11777,18811,1
11778,18812,1
11779,18813,1
11780,18814,1
11781,18815,1
11782,18816,1
11783,18817,1
11784,18818,1
11785,18819,1
11786,18820,1
11787,18821,1
11788,18822,1
11789,18823,1
11790,18824,1
11791,18825,1
11792,18826,1
11793,18827,1
11794,18828,1
11795,18829,1
11796,18830,1
11797,18831,1
11798,18832,1
11799,18833,1
11800,18834,1
11801,18835,1
11802,18836,1
11803,18837,1
11804,18838,1
11805,18839,1
11806,18840,1
11807,18841,1
11808,18842,1
11809,18843,1
11810,18844,1
11811,18845,1
11812,18846,1
11813,18847,1
11814,18848,1
11815,18849,1
11816,18850,1
11817,18851,1
11818,18852,1
11819,18853,1
11820,18854,1
11821,18855,1
11822,18856,1
11823,18857,1
11824,18858,1
11825,18859,1
11826,18860,1
11827,18861,1
11828,18862,1
11829,18863,1
11830,18864,1
11831,18865,1
11832,18866,1
11833,18867,1
11834,18868,1
11835,18869,1
11836,18870,1
11837,18871,1
11838,18872,1
11839,18873,1
11840,18874,1
11841,18875,1
11842,18876,1
11843,18877,1
11844,18878,1
11845,18879,1
11846,18880,1
11847,18881,1
11848,18882,1
11849,18883,1
11850,18884,1
11851,18885,1
11852,18886,1
11853,18887,1
11854,18888,1
11855,18889,1
11856,18890,1
11857,18891,1
11858,18892,1
11859,18893,1
11860,18894,1
11861,18895,1
11862,18896,1
11863,18897,1
11864,18898,1
11865,18899,1
11866,18900,1
11867,18901,1
11868,18902,1
11869,18903,1
11870,18904,1
11871,18905,1
11872,18906,1
11873,18907,1
11874,18908,1
11875,18909,1
11876,18910,1
11877,18911,1
11878,18912,1
11879,18913,1
11880,18914,1
11881,18915,1
11882,18916,1
11883,18917,1
11884,18918,1
11885,18919,1
11886,18920,1
11887,18921,1
11888,18922,1
11889,18923,1
11890,18924,1
11891,18925,1
11892,18926,1
11893,18927,1
11894,18928,1
11895,18929,1
11896,18930,1
11897,18931,1
11898,18932,1
11899,18933,1
11900,18934,1
11901,18935,1
11902,18936,1
11903,18937,1
11904,18938,1
11905,18939,1
11906,18940,1
11907,18941,1
11908,18942,1
11909,18943,1
11910,18944,1
11911,18945,1
11912,18946,1
11913,18947,1
11914,18948,1
11915,18949,1
11916,18950,1
11917,18951,1
11918,18952,1
11919,18953,1
11920,18954,1
11921,18955,1
11922,18956,1
11923,18957,1
11924,18958,1
11925,18959,1
11926,18960,1
11927,18961,1
11928,18962,1
11929,18963,1
11930,18964,1
11931,18965,1
11932,18966,1
11933,18967,1
11934,18968,1
11935,18969,1
11936,18970,1
11937,18971,1
11938,18972,1
11939,18973,1
11940,18974,1
11941,18975,1
11942,18976,1
11943,18977,1
11944,18978,1
11945,18979,1
11946,18980,1
11947,18981,1
11948,18982,1
11949,18983,1
11950,18984,1
11951,18985,1
11952,18986,1
11953,18987,1
11954,18988,1
11955,18989,1
11956,18990,1
11957,18991,1
11958,18992,1
11959,18993,1
11960,18994,1
11961,18995,1
11962,18996,1
11963,18997,1
11964,18998,1
11965,18999,1
11966,19000,1
11967,19001,1
11968,19002,1
11969,19003,1
11970,19004,1
11971,19005,1
11972,19006,1
11973,19007,1
11974,19008,1
11975,19009,1
11976,19010,1
11977,19011,1
11978,19012,1
11979,19013,1
11980,19014,1
11981,19015,1
11982,19016,1
11983,19017,1
11984,19018,1
11985,19019,1
11986,19020,1
11987,19021,1
11988,19022,1
11989,19023,1
11990,19024,1
11991,19025,1
11992,19026,1
11993,19027,1
11994,19028,1
11995,19029,1
11996,19030,1
11997,19031,1
11998,19032,1
11999,19033,1
12000,19034,1
12001,19035,1
12002,19036,1
12003,19037,1
12004,19038,1
12005,19039,1
12006,19040,1
12007,19041,1
12008,19042,1
12009,19043,1
12010,19044,1
12011,19045,1
12012,19046,1
12013,19047,1
12014,19048,1
12015,19049,1
12016,19050,1
12017,19051,1
12018,19052,1
12019,19053,1
12020,19054,1
12021,19055,1
12022,19056,1
12023,19057,1
12024,19058,1
12025,19059,1
12026,19060,1
12027,19061,1
12028,19062,1
12029,19063,1
12030,19064,1
12031,19065,1
12032,19066,1
12033,19067,1
12034,19068,1
12035,19069,1
12036,19070,1
12037,19071,1
12038,19072,1
12039,19073,1
12040,19074,1
12041,19075,1
12042,19076,1
12043,19077,1
12044,19078,1
12045,19079,1
12046,19080,1
12047,19081,1
12048,19082,1
12049,19083,1
12050,19084,1
12051,19085,1
12052,19086,1
12053,19087,1
12054,19088,1
12055,19089,1
12056,19090,1
12057,19091,1
12058,19092,1
12059,19093,1
12060,19094,1
12061,19095,1
12062,19096,1
12063,19097,1
12064,19098,1
12065,19099,1
12066,19100,1
12067,19101,1
12068,19102,1
12069,19103,1
12070,19104,1
12071,19105,1
12072,19106,1
12073,19107,1
12074,19108,1
12075,19109,1
12076,19110,1
12077,19111,1
12078,19112,1
12079,19113,1
12080,19114,1
12081,19115,1
12082,19116,1
12083,19117,1
12084,19118,1
12085,19119,1
12086,19120,1
12087,19121,1
12088,19122,1
12089,19123,1
12090,19124,1
12091,19125,1
12092,19126,1
12093,19127,1
12094,19128,1
12095,19129,1
12096,19130,1
12097,19131,1
12098,19132,1
12099,19133,1
12100,19134,1
12101,19135,1
12102,19136,1
12103,19137,1
12104,19138,1
12105,19139,1
12106,19140,1
12107,19141,1
12108,19142,1
12109,19143,1
12110,19144,1
12111,19145,1
12112,19146,1
12113,19147,1
12114,19148,1
12115,19149,1
12116,19150,1
12117,19151,1
12118,19152,1
12119,19153,1
12120,19154,1
12121,19155,1
12122,19156,1
12123,19157,1
12124,19158,1
12125,19159,1
12126,19160,1
12127,19161,1
12128,19162,1
12129,19163,1
12130,19164,1
12131,19165,1
12132,19166,1
12133,19167,1
12134,19168,1
12135,19169,1
12136,19170,1
12137,19171,1
12138,19172,1
12139,19173,1
12140,19174,1
12141,19175,1
12142,19176,1
12143,19177,1
12144,19178,1
12145,19179,1
12146,19180,1
12147,19181,1
12148,19182,1
12149,19183,1
12150,19184,1
12151,19185,1
12152,19186,1
12153,19187,1
12154,19188,1
12155,19189,1
12156,19190,1
12157,19191,1
12158,19192,1
12159,19193,1
12160,19194,1
12161,19195,1
12162,19196,1
12163,19197,1
12164,19198,1
12165,19199,1
12166,19200,1
12167,19201,1
12168,19202,1
12169,19203,1
12170,19204,1
12171,19205,1
12172,19206,1
12173,19207,1
12174,19208,1
12175,19209,1
12176,19210,1
12177,19211,1
12178,19212,1
12179,19213,1
12180,19214,1
12181,19215,1
12182,19216,1
12183,19217,1
12184,19218,1
12185,19219,1
12186,19220,1
12187,19221,1
12188,19222,1
12189,19223,1
12190,19224,1
12191,19225,1
12192,19226,1
12193,19227,1
12194,19228,1
12195,19229,1
12196,19230,1
12197,19231,1
12198,19232,1
12199,19233,1
12200,19234,1
12201,19235,1
12202,19236,1
12203,19237,1
12204,19238,1
12205,19239,1
12206,19240,1
12207,19241,1
12208,19242,1
12209,19243,1
12210,19244,1
12211,19245,1
12212,19246,1
12213,19247,1
12214,19248,1
12215,19249,1
12216,19250,1
12217,19251,1
12218,19252,1
12219,19253,1
12220,19254,1
12221,19255,1
12222,19256,1
12223,19257,1
12224,19258,1
12225,19259,1
12226,19260,1
12227,19261,1
12228,19262,1
12229,19263,1
12230,19264,1
12231,19265,1
12232,19266,1
12233,19267,1
12234,19268,1
12235,19269,1
12236,19270,1
12237,19271,1
12238,19272,1
12239,19273,1
12240,19274,1
12241,19275,1
12242,19276,1
12243,19277,1
12244,19278,1
12245,19279,1
12246,19280,1
12247,19281,1
12248,19282,1
12249,19283,1
12250,19284,1
12251,19285,1
12252,19286,1
12253,19287,1
12254,19288,1
12255,19289,1
12256,19290,1
12257,19291,1
12258,19292,1
12259,19293,1
12260,19294,1
12261,19295,1
12262,19296,1
12263,19297,1
12264,19298,1
12265,19299,1
12266,19300,1
12267,19301,1
12268,19302,1
12269,19303,1
12270,19304,1
12271,19305,1
12272,19306,1
12273,19307,1
12274,19308,1
12275,19309,1
12276,19310,1
12277,19311,1
12278,19312,1
12279,19313,1
12280,19314,1
12281,19315,1
12282,19316,1
12283,19317,1
12284,19318,1
12285,19319,1
12286,19320,1
12287,19321,1
12288,19322,1
12289,19323,1
12290,19324,1
12291,19325,1
12292,19326,1
12293,19327,1
12294,19328,1
12295,19329,1
12296,19330,1
12297,19331,1
12298,19332,1
12299,19333,1
12300,19334,1
12301,19335,1
12302,19336,1
12303,19337,1
12304,19338,1
12305,19339,1
12306,19340,1
12307,19341,1
12308,19342,1
12309,19343,1
12310,19344,1
12311,19345,1
12312,19346,1
12313,19347,1
12314,19348,1
12315,19349,1
12316,19350,1
12317,19351,1
12318,19352,1
12319,19353,1
12320,19354,1
12321,19355,1
12322,19356,1
12323,19357,1
12324,19358,1
12325,19359,1
12326,19360,1
12327,19361,1
12328,19362,1
12329,19363,1
12330,19364,1
12331,19365,1
12332,19366,1
12333,19367,1
12334,19368,1
12335,19369,1
12336,19370,1
12337,19371,1
12338,19372,1
12339,19373,1
12340,19374,1
12341,19375,1
12342,19376,1
12343,19377,1
12344,19378,1
12345,19379,1
12346,19380,1
12347,19381,1
12348,19382,1
12349,19383,1
12350,19384,1
12351,19385,1
12352,19386,1
12353,19387,1
12354,19388,1
12355,19389,1
12356,19390,1
12357,19391,1
12358,19392,1
12359,19393,1
12360,19394,1
12361,19395,1
12362,19396,1
12363,19397,1
12364,19398,1
12365,19399,1
12366,19400,1
12367,19401,1
12368,19402,1
12369,19403,1
12370,19404,1
12371,19405,1
12372,19406,1
12373,19407,1
12374,19408,1
12375,19409,1
12376,19410,1
12377,19411,1
12378,19412,1
12379,19413,1
12380,19414,1
12381,19415,1
12382,19416,1
12383,19417,1
12384,19418,1
12385,19419,1
12386,19420,1
12387,19421,1
12388,19422,1
12389,19423,1
12390,19424,1
12391,19425,1
12392,19426,1
12393,19427,1
12394,19428,1
12395,19429,1
12396,19430,1
12397,19431,1
12398,19432,1
12399,19433,1
12400,19434,1
12401,19435,1
12402,19436,1
12403,19437,1
12404,19438,1
12405,19439,1
12406,19440,1
12407,19441,1
12408,19442,1
12409,19443,1
12410,19444,1
12411,19445,1
12412,19446,1
12413,19447,1
12414,19448,1
12415,19449,1
12416,19450,1
12417,19451,1
12418,19452,1
12419,19453,1
12420,19454,1
12421,19455,1
12422,19456,1
12423,19457,1
12424,19458,1
12425,19459,1
12426,19460,1
12427,19461,1
12428,19462,1
12429,19463,1
12430,19464,1
12431,19465,1
12432,19466,1
12433,19467,1
12434,19468,1
12435,19469,1
12436,19470,1
12437,19471,1
12438,19472,1
12439,19473,1
12440,19474,1
12441,19475,1
12442,19476,1
12443,19477,1
12444,19478,1
12445,19479,1
12446,19480,1
12447,19481,1
12448,19482,1
12449,19483,1
12450,19484,1
12451,19485,1
12452,19486,1
12453,19487,1
12454,19488,1
12455,19489,1
12456,19490,1
12457,19491,1
12458,19492,1
12459,19493,1
12460,19494,1
12461,19495,1
12462,19496,1
12463,19497,1
12464,19498,1
12465,19499,1
12466,19500,1
12467,19501,1
12468,19502,1
12469,19503,1
12470,19504,1
12471,19505,1
12472,19506,1
12473,19507,1
12474,19508,1
12475,19509,1
12476,19510,1
12477,19511,1
12478,19512,1
12479,19513,1
12480,19514,1
12481,19515,1
12482,19516,1
12483,19517,1
12484,19518,1
12485,19519,1
12486,19520,1
12487,19521,1
12488,19522,1
12489,19523,1
12490,19524,1
12491,19525,1
12492,19526,1
12493,19527,1
12494,19528,1
12495,19529,1
12496,19530,1
12497,19531,1
12498,19532,1
12499,19533,1
12500,19534,1
12501,19535,1
12502,19536,1
12503,19537,1
12504,19538,1
12505,19539,1
12506,19540,1
12507,19541,1
12508,19542,1
12509,19543,1
12510,19544,1
12511,19545,1
12512,19546,1
12513,19547,1
12514,19548,1
12515,19549,1
12516,19550,1
12517,19551,1
12518,19552,1
12519,19553,1
12520,19554,1
12521,19555,1
12522,19556,1
12523,19557,1
12524,19558,1
12525,19559,1
12526,19560,1
12527,19561,1
12528,19562,1
12529,19563,1
12530,19564,1
12531,19565,1
12532,19566,1
12533,19567,1
12534,19568,1
12535,19569,1
12536,19570,1
12537,19571,1
12538,19572,1
12539,19573,1
12540,19574,1
12541,19575,1
12542,19576,1
12543,19577,1
12544,19578,1
12545,19579,1
12546,19580,1
12547,19581,1
12548,19582,1
12549,19583,1
12550,19584,1
12551,19585,1
12552,19586,1
12553,19587,1
12554,19588,1
12555,19589,1
12556,19590,1
12557,19591,1
12558,19592,1
12559,19593,1
12560,19594,1
12561,19595,1
12562,19596,1
12563,19597,1
12564,19598,1
12565,19599,1
12566,19600,1
12567,19601,1
12568,19602,1
12569,19603,1
12570,19604,1
12571,19605,1
12572,19606,1
12573,19607,1
12574,19608,1
12575,19609,1
12576,19610,1
12577,19611,1
12578,19612,1
12579,19613,1
12580,19614,1
12581,19615,1
12582,19616,1
12583,19617,1
12584,19618,1
12585,19619,1
12586,19620,1
12587,19621,1
12588,19622,1
12589,19623,1
12590,19624,1
12591,19625,1
12592,19626,1
12593,19627,1
12594,19628,1
12595,19629,1
12596,19630,1
12597,19631,1
12598,19632,1
12599,19633,1
12600,19634,1
12601,19635,1
12602,19636,1
12603,19637,1
12604,19638,1
12605,19639,1
12606,19640,1
12607,19641,1
12608,19642,1
12609,19643,1
12610,19644,1
12611,19645,1
12612,19646,1
12613,19647,1
12614,19648,1
12615,19649,1
12616,19650,1
12617,19651,1
12618,19652,1
12619,19653,1
12620,19654,1
12621,19655,1
12622,19656,1
12623,19657,1
12624,19658,1
12625,19659,1
12626,19660,1
12627,19661,1
12628,19662,1
12629,19663,1
12630,19664,1
12631,19665,1
12632,19666,1
12633,19667,1
12634,19668,1
12635,19669,1
12636,19670,1
12637,19671,1
12638,19672,1
12639,19673,1
12640,19674,1
12641,19675,1
12642,19676,1
12643,19677,1
12644,19678,1
12645,19679,1
12646,19680,1
12647,19681,1
12648,19682,1
12649,19683,1
12650,19684,1
12651,19685,1
12652,19686,1
12653,19687,1
12654,19688,1
12655,19689,1
12656,19690,1
12657,19691,1
12658,19692,1
12659,19693,1
12660,19694,1
12661,19695,1
12662,19696,1
12663,19697,1
12664,19698,1
12665,19699,1
12666,19700,1
12667,19701,1
12668,19702,1
12669,19703,1
12670,19704,1
12671,19705,1
12672,19706,1
12673,19707,1
12674,19708,1
12675,19709,1
12676,19710,1
12677,19711,1
12678,19712,1
12679,19713,1
12680,19714,1
12681,19715,1
12682,19716,1
12683,19717,1
12684,19718,1
12685,19719,1
12686,19720,1
12687,19721,1
12688,19722,1
12689,19723,1
12690,19724,1
12691,19725,1
12692,19726,1
12693,19727,1
12694,19728,1
12695,19729,1
12696,19730,1
12697,19731,1
12698,19732,1
12699,19733,1
12700,19734,1
12701,19735,1
12702,19736,1
12703,19737,1
12704,19738,1
12705,19739,1
12706,19740,1
12707,19741,1
12708,19742,1
12709,19743,1
12710,19744,1
12711,19745,1
12712,19746,1
12713,19747,1
12714,19748,1
12715,19749,1
12716,19750,1
12717,19751,1
12718,19752,1
12719,19753,1
12720,19754,1
12721,19755,1
12722,19756,1
12723,19757,1
12724,19758,1
12725,19759,1
12726,19760,1
12727,19761,1
12728,19762,1
12729,19763,1
12730,19764,1
12731,19765,1
12732,19766,1
12733,19767,1
12734,19768,1
12735,19769,1
12736,19770,1
12737,19771,1
12738,19772,1
12739,19773,1
12740,19774,1
12741,19775,1
12742,19776,1
12743,19777,1
12744,19778,1
12745,19779,1
12746,19780,1
12747,19781,1
12748,19782,1
12749,19783,1
12750,19784,1
12751,19785,1
12752,19786,1
12753,19787,1
12754,19788,1
12755,19789,1
12756,19790,1
12757,19791,1
12758,19792,1
12759,19793,1
12760,19794,1
12761,19795,1
12762,19796,1
12763,19797,1
12764,19798,1
12765,19799,1
12766,19800,1
12767,19801,1
12768,19802,1
12769,19803,1
12770,19804,1
12771,19805,1
12772,19806,1
12773,19807,1
12774,19808,1
12775,19809,1
12776,19810,1
12777,19811,1
12778,19812,1
12779,19813,1
12780,19814,1
12781,19815,1
12782,19816,1
12783,19817,1
12784,19818,1
12785,19819,1
12786,19820,1
12787,19821,1
12788,19822,1
12789,19823,1
12790,19824,1
12791,19825,1
12792,19826,1
12793,19827,1
12794,19828,1
12795,19829,1
12796,19830,1
12797,19831,1
12798,19832,1
12799,19833,1
12800,19834,1
12801,19835,1
12802,19836,1
12803,19837,1
12804,19838,1
12805,19839,1
12806,19840,1
12807,19841,1
12808,19842,1
12809,19843,1
12810,19844,1
12811,19845,1
12812,19846,1
12813,19847,1
12814,19848,1
12815,19849,1
12816,19850,1
12817,19851,1
12818,19852,1
12819,19853,1
12820,19854,1
12821,19855,1
12822,19856,1
12823,19857,1
12824,19858,1
12825,19859,1
12826,19860,1
12827,19861,1
12828,19862,1
12829,19863,1
12830,19864,1
12831,19865,1
12832,19866,1
12833,19867,1
12834,19868,1
12835,19869,1
12836,19870,1
12837,19871,1
12838,19872,1
12839,19873,1
12840,19874,1
12841,19875,1
12842,19876,1
12843,19877,1
12844,19878,1
12845,19879,1
12846,19880,1
12847,19881,1
12848,19882,1
12849,19883,1
12850,19884,1
12851,19885,1
12852,19886,1
12853,19887,1
12854,19888,1
12855,19889,1
12856,19890,1
12857,19891,1
12858,19892,1
12859,19893,1
12860,19894,1
12861,19895,1
12862,19896,1
12863,19897,1
12864,19898,1
12865,19899,1
12866,19900,1
12867,19901,1
12868,19902,1
12869,19903,1
12870,19904,1
12871,19905,1
12872,19906,1
12873,19907,1
12874,19908,1
12875,19909,1
12876,19910,1
12877,19911,1
12878,19912,1
12879,19913,1
12880,19914,1
12881,19915,1
12882,19916,1
12883,19917,1
12884,19918,1
12885,19919,1
12886,19920,1
12887,19921,1
12888,19922,1
12889,19923,1
12890,19924,1
12891,19925,1
12892,19926,1
12893,19927,1
12894,19928,1
12895,19929,1
12896,19930,1
12897,19931,1
12898,19932,1
12899,19933,1
12900,19934,1
12901,19935,1
12902,19936,1
12903,19937,1
12904,19938,1
12905,19939,1
12906,19940,1
12907,19941,1
12908,19942,1
12909,19943,1
12910,19944,1
12911,19945,1
12912,19946,1
12913,19947,1
12914,19948,1
12915,19949,1
12916,19950,1
12917,19951,1
12918,19952,1
12919,19953,1
12920,19954,1
12921,19955,1
12922,19956,1
12923,19957,1
12924,19958,1
12925,19959,1
12926,19960,1
12927,19961,1
12928,19962,1
12929,19963,1
12930,19964,1
12931,19965,1
12932,19966,1
12933,19967,1
12934,19968,1
12935,19969,1
12936,19970,1
12937,19971,1
12938,19972,1
12939,19973,1
12940,19974,1
12941,19975,1
12942,19976,1
12943,19977,1
12944,19978,1
12945,19979,1
12946,19980,1
12947,19981,1
12948,19982,1
12949,19983,1
12950,19984,1
12951,19985,1
12952,19986,1
12953,19987,1
12954,19988,1
12955,19989,1
12956,19990,1
12957,19991,1
12958,19992,1
12959,19993,1
12960,19994,1
12961,19995,1
12962,19996,1
12963,19997,1
12964,19998,1
12965,19999,1
12966,20000,1
12967,20001,1
12968,20002,1
12969,20003,1
12970,20004,1
12971,20005,1
12972,20006,1
12973,20007,1
12974,20008,1
12975,20009,1
12976,20010,1
12977,20011,1
12978,20012,1
12979,20013,1
12980,20014,1
12981,20015,1
12982,20016,1
12983,20017,1
12984,20018,1
12985,20019,1
12986,20020,1
12987,20021,1
12988,20022,1
12989,20023,1
12990,20024,1
12991,20025,1
12992,20026,1
12993,20027,1
12994,20028,1
12995,20029,1
12996,20030,1
12997,20031,1
12998,20032,1
12999,20033,1
13000,20034,1
13001,20035,1
13002,20036,1
13003,20037,1
13004,20038,1
13005,20039,1
13006,20040,1
13007,20041,1
13008,20042,1
13009,20043,1
13010,20044,1
13011,20045,1
13012,20046,1
13013,20047,1
13014,20048,1
13015,20049,1
13016,20050,1
13017,20051,1
13018,20052,1
13019,20053,1
13020,20054,1
13021,20055,1
13022,20056,1
13023,20057,1
13024,20058,1
13025,20059,1
13026,20060,1
13027,20061,1
13028,20062,1
13029,20063,1
13030,20064,1
13031,20065,1
13032,20066,1
13033,20067,1
13034,20068,1
13035,20069,1
13036,20070,1
13037,20071,1
13038,20072,1
13039,20073,1
13040,20074,1
13041,20075,1
13042,20076,1
13043,20077,1
13044,20078,1
13045,20079,1
13046,20080,1
13047,20081,1
13048,20082,1
13049,20083,1
13050,20084,1
13051,20085,1
13052,20086,1
13053,20087,1
13054,20088,1
13055,20089,1
13056,20090,1
13057,20091,1
13058,20092,1
13059,20093,1
13060,20094,1
13061,20095,1
13062,20096,1
13063,20097,1
13064,20098,1
13065,20099,1
13066,20100,1
13067,20101,1
13068,20102,1
13069,20103,1
13070,20104,1
13071,20105,1
13072,20106,1
13073,20107,1
13074,20108,1
13075,20109,1
13076,20110,1
13077,20111,1
13078,20112,1
13079,20113,1
13080,20114,1
13081,20115,1
13082,20116,1
13083,20117,1
13084,20118,1
13085,20119,1
13086,20120,1
13087,20121,1
13088,20122,1
13089,20123,1
13090,20124,1
13091,20125,1
13092,20126,1
13093,20127,1
13094,20128,1
